{"name":"policeDealerGameplay_area","class":"BeamNGGameplayArea","__parent":"Career Dealerships","position":[383.92981,105.819908,54.8284531],"rotationMatrix":[-0.650708556,-0.759327471,0,0.759327471,-0.650708556,-1.01308042e-05,7.69259805e-06,-6.59220223e-06,1],"scale":[2.90587306,2.45011377,3.22858286]}
{"name":"policeDealerGameplay_icon","class":"BeamNGPointOfInterest","__parent":"Career Dealerships","position":[383.418915,104.376045,55.6386185],"rotationMatrix":[-1,0,0,0,-0.999999821,-1.00413963e-05,0,-1.02202102e-05,0.999999821]}
{"name":"firwoodGarage_icon","class":"BeamNGPointOfInterest","__parent":"Career Dealerships","position":[589,-143,54.4300919],"rotationMatrix":[0.710422933,-0.70377481,-2.98023188e-08,0.70376122,0.710409224,-0.00621965202,0.00437730644,0.00441855332,0.999980569]}
{"name":"firwoodGarage_area","class":"BeamNGGameplayArea","__parent":"Career Dealerships","position":[588.974426,-143.549057,53.5294991],"rotationMatrix":[0.799213529,-0.601047456,-5.68106771e-08,0.601035774,0.799198031,-0.00621966086,0.00373835443,0.00497080293,0.999980628],"scale":[2.32516766,1,2.32516766]}
{"name":"hendersonsGarageComputer_area","class":"BeamNGGameplayArea","__parent":"Career Dealerships","position":[-85.1503677,-791.184082,17.4794312],"rotationMatrix":[-0.210440487,-0.977606535,0,-8.54650821e-08,1.83972926e-08,-0.999999821,0.977606475,-0.210440472,-8.74227624e-08]}
{"name":"hendersonsGarageComputer_icon","class":"BeamNGPointOfInterest","__parent":"Career Dealerships","position":[-85.1705322,-791.27771,17.8293247],"rotationMatrix":[-0.210440487,-0.977606535,0,-8.54650821e-08,1.83972926e-08,-0.999999821,0.977606475,-0.210440472,-8.74227624e-08]}
{"name":"gemClassics_area","class":"BeamNGGameplayArea","__parent":"Career Dealerships","position":[567.097839,-760.506653,62.0409279],"rotationMatrix":[-1,0,0,0,-0.999999821,-1.00413963e-05,0,-1.02202102e-05,0.999999821],"scale":[1,2.13798833,1.5619874]}
{"name":"gemClassics_icon","class":"BeamNGPointOfInterest","__parent":"Career Dealerships","position":[568.898621,-760.534119,61.8138275],"rotationMatrix":[-1,0,0,0,-0.999999821,-1.00413963e-05,0,-1.02202102e-05,0.999999821]}
{"name":"offroadDealership_icon","class":"BeamNGPointOfInterest","__parent":"Career Dealerships","position":[-789.862732,563,26.4858952],"rotationMatrix":[-0.798635244,0.601815164,0,5.26123607e-08,6.98189169e-08,-0.999999821,-0.601815164,-0.798635185,-8.74227624e-08]}
{"name":"offroadDealership_Area","class":"BeamNGGameplayArea","__parent":"Career Dealerships","position":[-789.912598,562.925598,25.8647518],"rotationMatrix":[-0.798635244,0.601815164,0,5.26123607e-08,6.98189169e-08,-0.999999821,-0.601815164,-0.798635185,-8.74227624e-08],"scale":[1,2.1831758,1]}
{"name":"firwoodMotorCompany_area","class":"BeamNGGameplayArea","__parent":"Career Dealerships","position":[703,-357,57],"rotationMatrix":[0.998674691,0.0514650829,0,4.49922055e-09,-8.73069155e-08,-0.999999821,-0.0514650792,0.998674631,-8.74227624e-08],"scale":[1,2.53296518,1]}
{"name":"firwoodMotorCompany_icon","class":"BeamNGPointOfInterest","__parent":"Career Dealerships","position":[703,-356,58.1526871],"rotationMatrix":[0.323743999,-0.946144581,-2.98023188e-08,0.946131289,0.323739409,-0.00529202539,0.00500705093,0.00171330385,0.999985814]}
