{"class":"Prefab","persistentId":"d33c8484-13d5-44f6-95b9-e50cfdce663b","__parent":"Sawmill","filename":"/levels/east_coast_usa/art/prefabs/sawmill_decking.prefab"}
{"class":"TSStatic","persistentId":"5637b315-8e92-4316-914b-d7fa4052df5b","__parent":"Sawmill","position":[127.729584,-708.712952,41.6444397],"isRenderEnabled":false,"rotationMatrix":[-0.179953218,0.983327508,-0.0261016153,-0.979633033,-0.181553006,-0.0857670456,-0.0890759453,0.0101359673,0.995971322],"shapeName":"/levels/east_coast_usa/art/Shapes/misc/floodlight_portable.dae"}
{"class":"TSStatic","persistentId":"56ea45cb-b935-4cc7-a48c-a94ab2bdc968","__parent":"Sawmill","position":[158.363617,-765.085693,46.7352219],"isRenderEnabled":false,"rotationMatrix":[0.999323964,0.000595398713,0.0367549881,0.000241827933,0.99974072,-0.0227699336,-0.0367590114,0.0227634348,0.999064744],"shapeName":"/levels/east_coast_usa/art/Shapes/misc/floodlight_portable.dae"}
{"class":"TSStatic","persistentId":"5f21c6ef-8630-43bc-b3c2-0fd444df3a8c","__parent":"Sawmill","position":[185.50174,-769.551086,46.9536247],"isRenderEnabled":false,"rotationMatrix":[0.930137157,-0.366279989,0.0261412412,0.367147475,0.928945065,-0.0475732423,-0.00685865711,0.053847339,0.998525381],"shapeName":"/levels/east_coast_usa/art/Shapes/misc/boom_lift.dae"}
{"class":"TSStatic","persistentId":"75e13f49-9ec8-4113-bf6e-1866af0da9fb","__parent":"Sawmill","position":[281.281372,-747.64856,44.1669006],"annotation":"BUILDINGS","isRenderEnabled":false,"rotationMatrix":[0.658689439,0.752414942,0,-0.752414942,0.658689439,0,0,0,1],"shapeName":"/levels/east_coast_usa/art/shapes/buildings/sawmill_main.dae"}
{"class":"TSStatic","persistentId":"99aac560-1ed7-4530-b718-f57d9a932fb6","__parent":"Sawmill","position":[253.372742,-830.936829,49.9824104],"isRenderEnabled":false,"rotationMatrix":[0.718620181,-0.69471699,0.0308622308,0.69523567,0.716769934,-0.0537321456,0.0152074797,0.0600695573,0.998078346],"shapeName":"/levels/east_coast_usa/art/Shapes/misc/floodlight_portable.dae"}
{"class":"TSStatic","persistentId":"b57d9425-87c0-442c-bb8a-46ae027f92d8","__parent":"Sawmill","position":[290.440216,-778.802551,45.7237015],"isRenderEnabled":false,"rotationMatrix":[0.999411166,0.00195895345,-0.0342569016,-0.00115790626,0.999725759,0.0233876873,0.0342933685,-0.0233343001,0.999139488],"shapeName":"/levels/east_coast_usa/art/Shapes/misc/floodlight_portable.dae"}
{"class":"TSStatic","persistentId":"c51f8106-5f60-4c91-8421-d81f030894df","__parent":"Sawmill","position":[198.780014,-797.446777,48.1825714],"isRenderEnabled":false,"rotationMatrix":[0.0965111256,-0.994778633,0.033169657,0.994293094,0.0978788882,0.0424316525,-0.0454567224,0.0288852099,0.998548388],"shapeName":"/levels/east_coast_usa/art/Shapes/misc/floodlight_portable.dae"}
{"class":"Prefab","persistentId":"bab20e46-3b5c-4697-a4c1-2db3b206c93d","__parent":"Sawmill","annotation":"BUILDINGS","filename":"levels/east_coast_usa/art/prefabs/sawmill_platform_covered.prefab"}
{"class":"Prefab","persistentId":"d5ba00b3-6862-441c-bc91-93369b48e57e","__parent":"Sawmill","filename":"levels/east_coast_usa/art/prefabs/sawmill_platform1.prefab"}
