{"name":"Barrier1","class":"BeamNGVehicle","__parent":"SimGroup_","position":[543.988586,278.026062,52.8432999],"dataBlock":"default_vehicle","jbeam":"rallytape","metallicPaintData":[[0.200000003,0.5,0.800000012,0],[0.200000003,0.5,0.800000012,0],[0.200000003,0.5,0.800000012,0],null],"paints":"{{[\"baseColor\"]={1,1,1,1},[\"roughness\"]=0.5,[\"clearcoat\"]=0.8,[\"metallic\"]=0.2,[\"clearcoatRoughness\"]=0},{[\"baseColor\"]={1,1,1,1},[\"roughness\"]=0.5,[\"clearcoat\"]=0.8,[\"metallic\"]=0.2,[\"clearcoatRoughness\"]=0},{[\"baseColor\"]={1,1,1,1},[\"roughness\"]=0.5,[\"clearcoat\"]=0.8,[\"metallic\"]=0.2,[\"clearcoatRoughness\"]=0}}","partConfig":"vehicles/rallytape/roadclosed_8m.pc","rotationMatrix":[0.0317633748,0.999495387,0,-0.999495387,0.0317633748,0,0,0,1]}
{"name":"Barrier10","class":"BeamNGVehicle","__parent":"SimGroup_","position":[-31.0884132,74.5586014,42.9095421],"dataBlock":"default_vehicle","jbeam":"rallytape","metallicPaintData":[[0.200000003,0.5,0.800000012,0],[0.200000003,0.5,0.800000012,0],[0.200000003,0.5,0.800000012,0],null],"paints":"{{[\"baseColor\"]={1,1,1,1},[\"roughness\"]=0.5,[\"clearcoat\"]=0.8,[\"metallic\"]=0.2,[\"clearcoatRoughness\"]=0},{[\"baseColor\"]={1,1,1,1},[\"roughness\"]=0.5,[\"clearcoat\"]=0.8,[\"metallic\"]=0.2,[\"clearcoatRoughness\"]=0},{[\"baseColor\"]={1,1,1,1},[\"roughness\"]=0.5,[\"clearcoat\"]=0.8,[\"metallic\"]=0.2,[\"clearcoatRoughness\"]=0}}","partConfig":"vehicles/rallytape/roadclosed_10m.pc","rotationMatrix":[-0.822549582,0.56869334,0,-0.56869334,-0.822549582,0,0,0,1]}
{"name":"Barrier11","class":"BeamNGVehicle","__parent":"SimGroup_","position":[166.806229,-271.585663,47.7609596],"dataBlock":"default_vehicle","jbeam":"rallytape","metallicPaintData":[[0.200000003,0.5,0.800000012,0],[0.200000003,0.5,0.800000012,0],[0.200000003,0.5,0.800000012,0],null],"paints":"{{[\"baseColor\"]={1,1,1,1},[\"roughness\"]=0.5,[\"clearcoat\"]=0.8,[\"metallic\"]=0.2,[\"clearcoatRoughness\"]=0},{[\"baseColor\"]={1,1,1,1},[\"roughness\"]=0.5,[\"clearcoat\"]=0.8,[\"metallic\"]=0.2,[\"clearcoatRoughness\"]=0},{[\"baseColor\"]={1,1,1,1},[\"roughness\"]=0.5,[\"clearcoat\"]=0.8,[\"metallic\"]=0.2,[\"clearcoatRoughness\"]=0}}","partConfig":"vehicles/rallytape/roadclosed_10m.pc","rotationMatrix":[0.715957046,-0.675895393,-0.174845576,0.668017805,0.736006021,-0.109760039,0.202873707,-0.038216494,0.978458881]}
{"name":"Barrier12","class":"BeamNGVehicle","__parent":"SimGroup_","position":[277.242432,-406.953979,42.1406326],"dataBlock":"default_vehicle","jbeam":"rallytape","metallicPaintData":[[0.200000003,0.5,0.800000012,0],[0.200000003,0.5,0.800000012,0],[0.200000003,0.5,0.800000012,0],null],"paints":"{{[\"baseColor\"]={1,1,1,1},[\"roughness\"]=0.5,[\"clearcoat\"]=0.8,[\"metallic\"]=0.2,[\"clearcoatRoughness\"]=0},{[\"baseColor\"]={1,1,1,1},[\"roughness\"]=0.5,[\"clearcoat\"]=0.8,[\"metallic\"]=0.2,[\"clearcoatRoughness\"]=0},{[\"baseColor\"]={1,1,1,1},[\"roughness\"]=0.5,[\"clearcoat\"]=0.8,[\"metallic\"]=0.2,[\"clearcoatRoughness\"]=0}}","partConfig":"vehicles/rallytape/roadclosed_10m.pc","rotationMatrix":[0.320687115,0.946792364,0.0272826329,-0.947185397,0.320554018,0.00923704635,-9.31322575e-10,-0.0288039073,0.999585092]}
{"name":"Barrier2","class":"BeamNGVehicle","__parent":"SimGroup_","position":[447.087891,654.531311,49.0222092],"dataBlock":"default_vehicle","jbeam":"rallytape","metallicPaintData":[[0.200000003,0.5,0.800000012,0],[0.200000003,0.5,0.800000012,0],[0.200000003,0.5,0.800000012,0],null],"paints":"{{[\"baseColor\"]={1,1,1,1},[\"roughness\"]=0.5,[\"clearcoat\"]=0.8,[\"metallic\"]=0.2,[\"clearcoatRoughness\"]=0},{[\"baseColor\"]={1,1,1,1},[\"roughness\"]=0.5,[\"clearcoat\"]=0.8,[\"metallic\"]=0.2,[\"clearcoatRoughness\"]=0},{[\"baseColor\"]={1,1,1,1},[\"roughness\"]=0.5,[\"clearcoat\"]=0.8,[\"metallic\"]=0.2,[\"clearcoatRoughness\"]=0}}","partConfig":"vehicles/rallytape/roadclosed_10m.pc","rotationMatrix":[-0.0203458071,0.998941958,0.0412420407,-0.999792993,-0.0203284025,-0.000839268789,5.58793545e-09,-0.0412505791,0.999148846]}
{"name":"Barrier3","class":"BeamNGVehicle","__parent":"SimGroup_","position":[200.875381,560.467407,45.4729042],"autoEnterVehicle":"true","dataBlock":"default_vehicle","jbeam":"rallytape","metallicPaintData":[[0.200000003,0.5,0.800000012,0],[0.200000003,0.5,0.800000012,0],[0.200000003,0.5,0.800000012,0],null],"paints":"{{[\"baseColor\"]={1,1,1,1},[\"roughness\"]=0.5,[\"clearcoat\"]=0.8,[\"metallic\"]=0.2,[\"clearcoatRoughness\"]=0},{[\"baseColor\"]={1,1,1,1},[\"roughness\"]=0.5,[\"clearcoat\"]=0.8,[\"metallic\"]=0.2,[\"clearcoatRoughness\"]=0},{[\"baseColor\"]={1,1,1,1},[\"roughness\"]=0.5,[\"clearcoat\"]=0.8,[\"metallic\"]=0.2,[\"clearcoatRoughness\"]=0}}","partConfig":"vehicles/rallytape/roadclosed_8m.pc","rotationMatrix":[0.994521201,0.0296884105,0.100230627,-0.0293306522,0.999557078,-0.00504142372,-0.100335903,0.00207397295,0.994951487]}
{"name":"Barrier4","class":"BeamNGVehicle","__parent":"SimGroup_","position":[76.3268738,526.158997,31.0851974],"dataBlock":"default_vehicle","jbeam":"rallytape","metallicPaintData":[[0.200000003,0.5,0.800000012,0],[0.200000003,0.5,0.800000012,0],[0.200000003,0.5,0.800000012,0],null],"paints":"{{[\"baseColor\"]={1,1,1,1},[\"roughness\"]=0.5,[\"clearcoat\"]=0.8,[\"metallic\"]=0.2,[\"clearcoatRoughness\"]=0},{[\"baseColor\"]={1,1,1,1},[\"roughness\"]=0.5,[\"clearcoat\"]=0.8,[\"metallic\"]=0.2,[\"clearcoatRoughness\"]=0},{[\"baseColor\"]={1,1,1,1},[\"roughness\"]=0.5,[\"clearcoat\"]=0.8,[\"metallic\"]=0.2,[\"clearcoatRoughness\"]=0}}","partConfig":"vehicles/rallytape/roadclosed_10m.pc","rotationMatrix":[0.963768244,0.263680428,-0.0402909964,-0.263069838,0.964572191,0.0198675133,0.0441022515,-0.00854833703,0.998990476]}
{"name":"Barrier5","class":"BeamNGVehicle","__parent":"SimGroup_","position":[70.0747604,537.620361,31.0228977],"dataBlock":"default_vehicle","jbeam":"rallytape","metallicPaintData":[[0.200000003,0.5,0.800000012,0],[0.200000003,0.5,0.800000012,0],[0.200000003,0.5,0.800000012,0],null],"paints":"{{[\"baseColor\"]={1,1,1,1},[\"roughness\"]=0.5,[\"clearcoat\"]=0.8,[\"metallic\"]=0.2,[\"clearcoatRoughness\"]=0},{[\"baseColor\"]={1,1,1,1},[\"roughness\"]=0.5,[\"clearcoat\"]=0.8,[\"metallic\"]=0.2,[\"clearcoatRoughness\"]=0},{[\"baseColor\"]={1,1,1,1},[\"roughness\"]=0.5,[\"clearcoat\"]=0.8,[\"metallic\"]=0.2,[\"clearcoatRoughness\"]=0}}","partConfig":"vehicles/rallytape/roadclosed_10m.pc","rotationMatrix":[0.962159276,0.263680577,-0.0687173456,-0.262369037,0.964572191,0.0276229084,0.0735664666,-0.00854833703,0.997253656]}
{"name":"Barrier6","class":"BeamNGVehicle","__parent":"SimGroup_","position":[-65.0498428,480.950989,38.1698532],"dataBlock":"default_vehicle","jbeam":"rallytape","metallicPaintData":[[0.200000003,0.5,0.800000012,0],[0.200000003,0.5,0.800000012,0],[0.200000003,0.5,0.800000012,0],null],"paints":"{{[\"baseColor\"]={1,1,1,1},[\"roughness\"]=0.5,[\"clearcoat\"]=0.8,[\"metallic\"]=0.2,[\"clearcoatRoughness\"]=0},{[\"baseColor\"]={1,1,1,1},[\"roughness\"]=0.5,[\"clearcoat\"]=0.8,[\"metallic\"]=0.2,[\"clearcoatRoughness\"]=0},{[\"baseColor\"]={1,1,1,1},[\"roughness\"]=0.5,[\"clearcoat\"]=0.8,[\"metallic\"]=0.2,[\"clearcoatRoughness\"]=0}}","partConfig":"vehicles/rallytape/roadclosed_10m.pc","rotationMatrix":[0.826174736,0.562430501,-0.0332763493,-0.558742166,0.825483918,0.0798968673,0.0724055171,-0.0474158823,0.99624753]}
{"name":"Barrier7","class":"BeamNGVehicle","__parent":"SimGroup_","position":[-72.9158936,489.098389,37.6819878],"dataBlock":"default_vehicle","jbeam":"rallytape","metallicPaintData":[[0.200000003,0.5,0.800000012,0],[0.200000003,0.5,0.800000012,0],[0.200000003,0.5,0.800000012,0],null],"paints":"{{[\"baseColor\"]={1,1,1,1},[\"roughness\"]=0.5,[\"clearcoat\"]=0.8,[\"metallic\"]=0.2,[\"clearcoatRoughness\"]=0},{[\"baseColor\"]={1,1,1,1},[\"roughness\"]=0.5,[\"clearcoat\"]=0.8,[\"metallic\"]=0.2,[\"clearcoatRoughness\"]=0},{[\"baseColor\"]={1,1,1,1},[\"roughness\"]=0.5,[\"clearcoat\"]=0.8,[\"metallic\"]=0.2,[\"clearcoatRoughness\"]=0}}","partConfig":"vehicles/rallytape/roadclosed_10m.pc","rotationMatrix":[0.826683342,0.562430561,0.0163278021,-0.562527955,0.825483918,0.0462462977,0.0125319865,-0.0474158898,0.998796642]}
{"name":"Barrier8","class":"BeamNGVehicle","__parent":"SimGroup_","position":[-167.690659,421.626434,36.1119003],"dataBlock":"default_vehicle","jbeam":"rallytape","metallicPaintData":[[0.200000003,0.5,0.800000012,0],[0.200000003,0.5,0.800000012,0],[0.200000003,0.5,0.800000012,0],null],"paints":"{{[\"baseColor\"]={1,1,1,1},[\"roughness\"]=0.5,[\"clearcoat\"]=0.8,[\"metallic\"]=0.2,[\"clearcoatRoughness\"]=0},{[\"baseColor\"]={1,1,1,1},[\"roughness\"]=0.5,[\"clearcoat\"]=0.8,[\"metallic\"]=0.2,[\"clearcoatRoughness\"]=0},{[\"baseColor\"]={1,1,1,1},[\"roughness\"]=0.5,[\"clearcoat\"]=0.8,[\"metallic\"]=0.2,[\"clearcoatRoughness\"]=0}}","partConfig":"vehicles/rallytape/roadclosed_10m.pc","rotationMatrix":[0.826683342,0.562430561,0.0163278021,-0.562527955,0.825483918,0.0462462977,0.0125319865,-0.0474158898,0.998796642]}
{"name":"Barrier9","class":"BeamNGVehicle","__parent":"SimGroup_","position":[-158.739929,412.599335,36.85075],"dataBlock":"default_vehicle","jbeam":"rallytape","metallicPaintData":[[0.200000003,0.5,0.800000012,0],[0.200000003,0.5,0.800000012,0],[0.200000003,0.5,0.800000012,0],null],"paints":"{{[\"baseColor\"]={1,1,1,1},[\"roughness\"]=0.5,[\"clearcoat\"]=0.8,[\"metallic\"]=0.2,[\"clearcoatRoughness\"]=0},{[\"baseColor\"]={1,1,1,1},[\"roughness\"]=0.5,[\"clearcoat\"]=0.8,[\"metallic\"]=0.2,[\"clearcoatRoughness\"]=0},{[\"baseColor\"]={1,1,1,1},[\"roughness\"]=0.5,[\"clearcoat\"]=0.8,[\"metallic\"]=0.2,[\"clearcoatRoughness\"]=0}}","partConfig":"vehicles/rallytape/roadclosed_10m.pc","rotationMatrix":[0.826430917,0.56243062,0.0261492897,-0.563037753,0.825483859,0.0395590924,0.000663425773,-0.0474158935,0.998875022]}
{"name":"CrashedCarETK","class":"BeamNGVehicle","__parent":"SimGroup_","position":[530.65155,284.860199,61.8278427],"color":[0.25,0.300000012,0.349999994,1.60000002],"colorPalette0":[0.25,0.300000012,0.349999994,1.60000002],"colorPalette1":[0.25,0.300000012,0.349999994,1.60000002],"dataBlock":"default_vehicle","jbeam":"simple_traffic","licenseDesign":"vehicles/common/licenseplates/east_coast_usa/licensePlate-default.json","licenseFormats":"[\"30-15\"]","licenseText":"185-WWL","metallicPaintData":[[0.800000012,0.649999976,1,0.0599999987],[0.800000012,0.649999976,1,0.0599999987],[0.800000012,0.649999976,1,0.0599999987],null],"paints":"{{[\"baseColor\"]={0.25,0.3,0.35,1.6},[\"roughness\"]=0.65,[\"clearcoat\"]=1,[\"metallic\"]=0.8,[\"clearcoatRoughness\"]=0.06},{[\"baseColor\"]={0.25,0.3,0.35,1.6},[\"roughness\"]=0.65,[\"clearcoat\"]=1,[\"metallic\"]=0.8,[\"clearcoatRoughness\"]=0.06},{[\"baseColor\"]={0.25,0.3,0.35,1.6},[\"roughness\"]=0.65,[\"clearcoat\"]=1,[\"metallic\"]=0.8,[\"clearcoatRoughness\"]=0.06}}","partConfig":"vehicles/simple_traffic/etki_facelift_parked.pc","rotationMatrix":[-0.944435477,-0.269008636,0.188882023,0.328697503,-0.772933364,0.542708278,-7.4505806e-09,0.57463789,0.818407774]}
{"name":"FinishSignLeft","class":"BeamNGVehicle","__parent":"SimGroup_","position":[293.090088,-404.2341,42.3752441],"dataBlock":"default_vehicle","jbeam":"rallysigns","metallicPaintData":[[0.200000003,0.5,0.800000012,0],[0.200000003,0.5,0.800000012,0],[0.200000003,0.5,0.800000012,0],null],"paints":"{{[\"baseColor\"]={1,1,1,1},[\"roughness\"]=0.5,[\"clearcoat\"]=0.8,[\"metallic\"]=0.2,[\"clearcoatRoughness\"]=0},{[\"baseColor\"]={1,1,1,1},[\"roughness\"]=0.5,[\"clearcoat\"]=0.8,[\"metallic\"]=0.2,[\"clearcoatRoughness\"]=0},{[\"baseColor\"]={1,1,1,1},[\"roughness\"]=0.5,[\"clearcoat\"]=0.8,[\"metallic\"]=0.2,[\"clearcoatRoughness\"]=0}}","partConfig":"vehicles/rallysigns/finish.pc","rotationMatrix":[0.933344901,0.358980924,0,-0.358980924,0.933344901,0,0,0,1]}
{"name":"FinishSignRight","class":"BeamNGVehicle","__parent":"SimGroup_","position":[285.509033,-407.788116,42.3752441],"dataBlock":"default_vehicle","jbeam":"rallysigns","metallicPaintData":[[0.200000003,0.5,0.800000012,0],[0.200000003,0.5,0.800000012,0],[0.200000003,0.5,0.800000012,0],null],"paints":"{{[\"baseColor\"]={1,1,1,1},[\"roughness\"]=0.5,[\"clearcoat\"]=0.8,[\"metallic\"]=0.2,[\"clearcoatRoughness\"]=0},{[\"baseColor\"]={1,1,1,1},[\"roughness\"]=0.5,[\"clearcoat\"]=0.8,[\"metallic\"]=0.2,[\"clearcoatRoughness\"]=0},{[\"baseColor\"]={1,1,1,1},[\"roughness\"]=0.5,[\"clearcoat\"]=0.8,[\"metallic\"]=0.2,[\"clearcoatRoughness\"]=0}}","partConfig":"vehicles/rallysigns/finish.pc","rotationMatrix":[0.933344901,0.358980924,0,-0.358980924,0.933344901,0,0,0,1]}
{"name":"HayBale0","class":"BeamNGVehicle","__parent":"SimGroup_","position":[-28.5807476,63.0393944,42.7267303],"dataBlock":"default_vehicle","jbeam":"haybale","metallicPaintData":[[0.200000003,0.5,0.800000012,0],[0.200000003,0.5,0.800000012,0],[0.200000003,0.5,0.800000012,0],null],"paints":"{{[\"baseColor\"]={1,1,1,1},[\"roughness\"]=0.5,[\"clearcoat\"]=0.8,[\"metallic\"]=0.2,[\"clearcoatRoughness\"]=0},{[\"baseColor\"]={1,1,1,1},[\"roughness\"]=0.5,[\"clearcoat\"]=0.8,[\"metallic\"]=0.2,[\"clearcoatRoughness\"]=0},{[\"baseColor\"]={1,1,1,1},[\"roughness\"]=0.5,[\"clearcoat\"]=0.8,[\"metallic\"]=0.2,[\"clearcoatRoughness\"]=0}}","partConfig":"vehicles/haybale/round_large.pc","rotationMatrix":[0.356721759,0.934210718,0,-0.934210718,0.356721759,0,0,0,1]}
{"name":"SpectatorCar","class":"BeamNGVehicle","__parent":"SimGroup_","position":[412.169128,709.935791,50.9520569],"color":[0.0204679482,0.0991454795,0.185532048,1.60000002],"colorPalette0":[0.0204679482,0.0991454795,0.185532048,1.60000002],"colorPalette1":[0.0204679482,0.0991454795,0.185532048,1.60000002],"dataBlock":"default_vehicle","jbeam":"simple_traffic","licenseDesign":"vehicles/common/licenseplates/east_coast_usa/licensePlate-default.json","licenseFormats":"[\"30-15\"]","licenseText":"589-IXK","metallicPaintData":[[0.800000012,0.649999976,1,0.0599999987],[0.800000012,0.649999976,1,0.0599999987],[0.800000012,0.649999976,1,0.0599999987],null],"paints":"{{[\"baseColor\"]={0.02046794872,0.09914548112,0.1855320513,1.6},[\"roughness\"]=0.65,[\"clearcoat\"]=1,[\"metallic\"]=0.8,[\"clearcoatRoughness\"]=0.06},{[\"baseColor\"]={0.02046794872,0.09914548112,0.1855320513,1.6},[\"roughness\"]=0.65,[\"clearcoat\"]=1,[\"metallic\"]=0.8,[\"clearcoatRoughness\"]=0.06},{[\"baseColor\"]={0.02046794872,0.09914548112,0.1855320513,1.6},[\"roughness\"]=0.65,[\"clearcoat\"]=1,[\"metallic\"]=0.8,[\"clearcoatRoughness\"]=0.06}}","partConfig":"vehicles/simple_traffic/pickup_d10_parked.pc","rotationMatrix":[0.928129733,0.372257024,0,-0.372257024,0.928129733,0,0,0,1]}
{"name":"StartSignLeft","class":"BeamNGVehicle","__parent":"SimGroup_","position":[317.933258,172.578995,56.5616379],"dataBlock":"default_vehicle","jbeam":"rallysigns","metallicPaintData":[[0.200000003,0.5,0.800000012,0],[0.200000003,0.5,0.800000012,0],[0.200000003,0.5,0.800000012,0],null],"paints":"{{[\"baseColor\"]={1,1,1,1},[\"roughness\"]=0.5,[\"clearcoat\"]=0.8,[\"metallic\"]=0.2,[\"clearcoatRoughness\"]=0},{[\"baseColor\"]={1,1,1,1},[\"roughness\"]=0.5,[\"clearcoat\"]=0.8,[\"metallic\"]=0.2,[\"clearcoatRoughness\"]=0},{[\"baseColor\"]={1,1,1,1},[\"roughness\"]=0.5,[\"clearcoat\"]=0.8,[\"metallic\"]=0.2,[\"clearcoatRoughness\"]=0}}","partConfig":"vehicles/rallysigns/start.pc","rotationMatrix":[-0.148466349,0.98891741,0,-0.98891741,-0.148466349,0,0,0,1]}
{"name":"StartSignRight","class":"BeamNGVehicle","__parent":"SimGroup_","position":[317.933258,164.01326,56.5616379],"dataBlock":"default_vehicle","jbeam":"rallysigns","metallicPaintData":[[0.200000003,0.5,0.800000012,0],[0.200000003,0.5,0.800000012,0],[0.200000003,0.5,0.800000012,0],null],"paints":"{{[\"baseColor\"]={1,1,1,1},[\"roughness\"]=0.5,[\"clearcoat\"]=0.8,[\"metallic\"]=0.2,[\"clearcoatRoughness\"]=0},{[\"baseColor\"]={1,1,1,1},[\"roughness\"]=0.5,[\"clearcoat\"]=0.8,[\"metallic\"]=0.2,[\"clearcoatRoughness\"]=0},{[\"baseColor\"]={1,1,1,1},[\"roughness\"]=0.5,[\"clearcoat\"]=0.8,[\"metallic\"]=0.2,[\"clearcoatRoughness\"]=0}}","partConfig":"vehicles/rallysigns/start.pc","rotationMatrix":[-0.148466349,0.98891741,0,-0.98891741,-0.148466349,0,0,0,1]}
{"name":"StopSignLeft","class":"BeamNGVehicle","__parent":"SimGroup_","position":[321.173401,-437.581451,43.033699],"dataBlock":"default_vehicle","jbeam":"rallysigns","metallicPaintData":[[0.200000003,0.5,0.800000012,0],[0.200000003,0.5,0.800000012,0],[0.200000003,0.5,0.800000012,0],null],"paints":"{{[\"baseColor\"]={1,1,1,1},[\"roughness\"]=0.5,[\"clearcoat\"]=0.8,[\"metallic\"]=0.2,[\"clearcoatRoughness\"]=0},{[\"baseColor\"]={1,1,1,1},[\"roughness\"]=0.5,[\"clearcoat\"]=0.8,[\"metallic\"]=0.2,[\"clearcoatRoughness\"]=0},{[\"baseColor\"]={1,1,1,1},[\"roughness\"]=0.5,[\"clearcoat\"]=0.8,[\"metallic\"]=0.2,[\"clearcoatRoughness\"]=0}}","partConfig":"vehicles/rallysigns/stop.pc","rotationMatrix":[0.767264843,0.641330421,0,-0.641330421,0.767264843,0,0,0,1]}
{"name":"StopSignRight","class":"BeamNGVehicle","__parent":"SimGroup_","position":[315.061401,-442.907257,43.033699],"dataBlock":"default_vehicle","jbeam":"rallysigns","metallicPaintData":[[0.200000003,0.5,0.800000012,0],[0.200000003,0.5,0.800000012,0],[0.200000003,0.5,0.800000012,0],null],"paints":"{{[\"baseColor\"]={1,1,1,1},[\"roughness\"]=0.5,[\"clearcoat\"]=0.8,[\"metallic\"]=0.2,[\"clearcoatRoughness\"]=0},{[\"baseColor\"]={1,1,1,1},[\"roughness\"]=0.5,[\"clearcoat\"]=0.8,[\"metallic\"]=0.2,[\"clearcoatRoughness\"]=0},{[\"baseColor\"]={1,1,1,1},[\"roughness\"]=0.5,[\"clearcoat\"]=0.8,[\"metallic\"]=0.2,[\"clearcoatRoughness\"]=0}}","partConfig":"vehicles/rallysigns/stop.pc","rotationMatrix":[0.767264843,0.641330421,0,-0.641330421,0.767264843,0,0,0,1]}
{"name":"SimGroup_","class":"SimGroup","groupPosition":"0 0 0"}
