{"name":"junkyardForklift","class":"BeamNGVehicle","__parent":"Career Mod Edits","position":[224.476257,-658.515198,41.0575523],"color":[0.00899999961,0.402799994,0.970000029,1.55200005],"colorPalette0":[0.00899999961,0.402799994,0.970000029,1.55200005],"colorPalette1":[0.00899999961,0.402799994,0.970000029,1.55200005],"dataBlock":"default_vehicle","jbeam":"TPUMedForklift","metallicPaintData":[[0,0.200000003,1,0.100000001],[0,0.200000003,1,0.100000001],[0,0.200000003,1,0.100000001],null],"paints":"{{[\"name\"]=\"Electric Blue\",[\"baseColor\"]={0.009,0.4028,0.97,1.552},[\"roughness\"]=0.2,[\"class\"]=\"factory\",[\"clearcoat\"]=1,[\"metallic\"]=0,[\"clearcoatRoughness\"]=0.1},{[\"name\"]=\"Electric Blue\",[\"baseColor\"]={0.009,0.4028,0.97,1.552},[\"roughness\"]=0.2,[\"class\"]=\"factory\",[\"clearcoat\"]=1,[\"metallic\"]=0,[\"clearcoatRoughness\"]=0.1},{[\"name\"]=\"Electric Blue\",[\"baseColor\"]={0.009,0.4028,0.97,1.552},[\"roughness\"]=0.2,[\"class\"]=\"factory\",[\"clearcoat\"]=1,[\"metallic\"]=0,[\"clearcoatRoughness\"]=0.1}}","partConfig":"vehicles/TPUMedForklift/FL45D Triplex.pc","rotationMatrix":[-0.0417780876,-0.999126732,0.000555030652,0.999126375,-0.0417774916,0.00104520074,-0.00102110021,0.000598212297,0.999999285]}
{"name":"SpotLight_9","class":"SpotLight","__parent":"Career Mod Edits","position":[-850.165222,-884.299744,40.5105171],"animationType":"NullLightAnim","flareScale":8,"flareType":"BNG_LightFlare_1","outerAngle":65,"rotationMatrix":[0.0488542914,-0.998806119,0,-0.577658296,-0.0282552242,-0.815789819,0.81481564,0.0398549736,-0.578349113]}
{"name":"PointLight_85","class":"PointLight","__parent":"Career Mod Edits","position":[-772.516235,495.60376,27.9886208],"rotationMatrix":[0.999999881,0,0,0,-0.999999821,-9.86655141e-06,0,9.86655141e-06,-0.999999821]}
{"name":"fre_start_countryCircuit","class":"BeamNGTrigger","__parent":"Career Mod Edits","position":[-379.093018,-367.625305,38.8697739],"luaFunction":"onBeamNGTrigger","rotationMatrix":[0.998801172,-0.048951719,0,0.048951719,0.998801172,0,0,0,1],"scale":[1,7.68930626,4.79064941]}
{"name":"PointLight_90","class":"PointLight","__parent":"Career Mod Edits","position":[-780.424438,486.513977,27.5182343],"rotationMatrix":[-1,0,0,0,-0.999999821,-1.00413963e-05,0,-1.02202102e-05,0.999999821]}
{"name":"PointLight_93","class":"PointLight","__parent":"Career Mod Edits","position":[-771.553894,469.767731,26.9418926],"rotationMatrix":[0.789059877,-0.614315987,0,-5.37052145e-08,-6.89818052e-08,-0.999999821,0.614315987,0.789059818,-8.74227624e-08]}
{"name":"fre_finish_summitOverlander","class":"BeamNGTrigger","__parent":"Career Mod Edits","position":[57.6910591,324.155304,70.2099915],"luaFunction":"onBeamNGTrigger","rotationMatrix":[0.987086117,-0.160190657,0,0.160190657,0.987086117,0,0,0,1],"scale":[1,6.17578125,5.11290312]}
{"name":"fre_finish_lookoutPointOverlander","class":"BeamNGTrigger","__parent":"Career Mod Edits","position":[-130.029572,400.193695,42.9655266],"luaFunction":"onBeamNGTrigger","rotationMatrix":[0.994890273,0.100961857,0,-0.100961857,0.994890273,0,0,0,1],"scale":[1,5.74384785,4.95460796]}
{"name":"SpotLight_6","class":"SpotLight","__parent":"Career Mod Edits","position":[891.848206,-674.681641,49.4201965],"rotationMatrix":[5.96046377e-08,-0.999999821,0,-8.74227624e-08,-5.21080312e-15,-0.999999821,0.999999762,5.96046341e-08,-8.74227624e-08]}
{"name":"SpotLight_11","class":"SpotLight","__parent":"Career Mod Edits","position":[-873.012939,-901.835266,47.1844139],"animationType":"FlickerLightAnim","flareType":"BNG_LightFlare_1","outerAngle":50,"rotationMatrix":[-1.07288361e-06,0.949463427,0.313878179,0.125181973,0.311409116,-0.941994727,-0.992133975,0.0392910242,-0.118856072]}
{"name":"PointLight_82","class":"PointLight","__parent":"Career Mod Edits","position":[-769.978271,499.735138,27.9975033],"rotationMatrix":[0.999999881,0,0,0,-0.999999821,-9.86655141e-06,0,9.86655141e-06,-0.999999821]}
{"name":"TSStatic_11","class":"TSStatic","__parent":"Career Mod Edits","position":[315.356873,286.232788,61.9053841],"isRenderEnabled":false,"rotationMatrix":[-0.978222013,0.206914768,-0.0163529851,-0.206752643,-0.978330374,-0.0110688973,-0.0182889439,-0.00744681852,0.999805033],"shapeName":"/levels/east_coast_usa/art/Shapes/objects/firwood_medical_center_sign.001.dae"}
{"name":"fre_staging_backwoodsCrawl2","class":"BeamNGTrigger","__parent":"Career Mod Edits","position":[761.81189,850.009827,82.9332886],"luaFunction":"onBeamNGTrigger","rotationMatrix":[0.91339606,0.405137151,-0.039643418,-0.403836459,0.914083123,0.0369894952,0.0512231924,-0.0177766141,0.998529017],"scale":[4.53060865,4.23712921,4.21191454]}
{"name":"logisticsDealerGameplay_area","class":"BeamNGGameplayArea","__parent":"Career Mod Edits","position":[-193.296051,512.163391,32.1534958],"rotationMatrix":[-0.663692832,-0.748005986,-2.27373675e-13,0.748005986,-0.663692832,-1.01308087e-05,7.57790258e-06,-6.72373972e-06,1],"scale":[1.91198826,1,2.00240493]}
{"name":"fre_staging_backwoodsCrawl1","class":"BeamNGTrigger","__parent":"Career Mod Edits","position":[449.986115,655.508484,50.4747581],"luaFunction":"onBeamNGTrigger","rotationMatrix":[0.999986649,0.00517207384,0,-0.00517207384,0.999986649,0,0,0,1],"scale":[4.83955288,7.10517597,3.91556406]}
{"name":"fre_staging_noPrepDrag","class":"BeamNGTrigger","__parent":"Career Mod Edits","position":[-536.792419,299.091309,22.2059689],"luaFunction":"onBeamNGTrigger","rotationMatrix":[0.735774279,0.677226841,0,-0.677226841,0.735774279,0,0,0,1],"scale":[9.27040005,2.71060562,5.76323843]}
{"name":"fre_staging_summitOverlander","class":"BeamNGTrigger","__parent":"Career Mod Edits","position":[-245.45723,217.039474,31.5520439],"luaFunction":"onBeamNGTrigger","rotationMatrix":[0.907375038,0.420322031,0,-0.420322031,0.907375038,0,0,0,1],"scale":[2.59929299,6.11651134,10.3454466]}
{"name":"fre_staging_ditchDwellerCrawl","class":"BeamNGTrigger","__parent":"Career Mod Edits","position":[-490.594391,-630.706726,41.0678711],"luaFunction":"onBeamNGTrigger","rotationMatrix":[0.867909074,0.496723086,0,-0.496723086,0.867909074,0,0,0,1],"scale":[1.94106436,4.32148457,2.95368671]}
{"name":"SpotLight_91","class":"SpotLight","__parent":"Career Mod Edits","position":[-849.301575,-886.877625,39.3437805],"rotationMatrix":[0.998527467,0.0542467311,0,0.0313735232,-0.577497005,-0.815789461,-0.0442539193,0.814588308,-0.578348637]}
{"name":"PointLight_83","class":"PointLight","__parent":"Career Mod Edits","position":[-765.520691,496.123993,27.9975033],"rotationMatrix":[0.999999881,0,0,0,-0.999999821,-9.86655141e-06,0,9.86655141e-06,-0.999999821]}
{"name":"onlineDealerGameplay_area","class":"BeamNGGameplayArea","__parent":"Career Mod Edits","position":[750.987488,-340.316498,53.5310287],"rotationMatrix":[0.999999881,0,0,0,-8.74227695e-08,-0.999999821,0,0.999999821,-8.74227624e-08],"scale":[0.386328101,1,1]}
{"name":"PointLight_87","class":"PointLight","__parent":"Career Mod Edits","position":[-773.341064,487.731384,27.8791599],"rotationMatrix":[0.999999881,0,0,0,-0.999999821,-9.86655141e-06,0,9.86655141e-06,-0.999999821]}
{"name":"fre_start_backwoodsCrawl1","class":"BeamNGTrigger","__parent":"Career Mod Edits","position":[452.719482,655.57373,50.5039864],"luaFunction":"onBeamNGTrigger","rotationMatrix":[0.999455571,0.032993421,0,-0.032993421,0.999455571,0,0,0,1],"scale":[1.90727544,7.53623009,3.79497051]}
{"name":"PointLight_91","class":"PointLight","__parent":"Career Mod Edits","position":[-801.236755,484.324768,26.3368416],"rotationMatrix":[0.837288558,-0.546760976,0,-0.546760976,-0.837288439,-6.9173162e-05,3.78011428e-05,5.79221087e-05,-0.999999821]}
{"name":"PointLight_95","class":"PointLight","__parent":"Career Mod Edits","position":[-791.515137,561.195374,28.0184727],"rotationMatrix":[-0.947962284,0.318381935,0,2.78338366e-08,8.28734983e-08,-0.999999821,-0.318381935,-0.947962224,-8.74227624e-08]}
{"name":"fre_start_lookoutPointOverlander","class":"BeamNGTrigger","__parent":"Career Mod Edits","position":[124.257011,50.5909309,100.045334],"luaFunction":"onBeamNGTrigger","rotationMatrix":[0.936771095,-0.349942744,0,0.349942744,0.936771095,0,0,0,1],"scale":[6.02495146,1,3.9755125]}
{"name":"fre_start_ditchDwellerCrawl","class":"BeamNGTrigger","__parent":"Career Mod Edits","position":[-489.734924,-630.106995,40.7937622],"luaFunction":"onBeamNGTrigger","rotationMatrix":[0.866104722,0.499862641,0,-0.499862641,0.866104722,0,0,0,1],"scale":[1,3.95673847,2.36560059]}
{"name":"PointLight_84","class":"PointLight","__parent":"Career Mod Edits","position":[-768.971375,492.695068,27.9975014],"rotationMatrix":[0.999999881,0,0,0,-0.999999821,-9.86655141e-06,0,9.86655141e-06,-0.999999821]}
{"name":"fre_staging_countryCircuit","class":"BeamNGTrigger","__parent":"Career Mod Edits","position":[-376.192963,-367.849915,38.9343719],"luaFunction":"onBeamNGTrigger","rotationMatrix":[0.998666763,-0.0516203642,0,0.0516203642,0.998666763,0,0,0,1],"scale":[5.93691397,7.36069298,5.63358784]}
{"name":"fre_finish_noPrepDrag","class":"BeamNGTrigger","__parent":"Career Mod Edits","position":[-139.295334,-140.192368,32.5927048],"luaFunction":"onBeamNGTrigger","rotationMatrix":[0.719789565,0.69419241,0,-0.69419241,0.719789565,0,0,0,1],"scale":[14.4723253,7.63713646,9.63939285]}
{"name":"TSStatic_1","class":"TSStatic","__parent":"Career Mod Edits","position":[315.274872,286.184265,61.9035225],"isRenderEnabled":false,"rotationMatrix":[0.972612023,-0.231878892,0.0160644203,0.231714055,0.972716153,0.0114836851,-0.0182889439,-0.00744681712,0.999805033],"shapeName":"/levels/east_coast_usa/art/Shapes/objects/firwood_medical_center_sign.001.dae"}
{"name":"fre_start_summitOverlander","class":"BeamNGTrigger","__parent":"Career Mod Edits","position":[-243.948013,217.684158,31.8992615],"luaFunction":"onBeamNGTrigger","rotationMatrix":[0.911687315,0.410884738,0,-0.410884738,0.911687315,0,0,0,1],"scale":[1.03177941,5.77986717,7.36277485]}
{"name":"SpotLight_12","class":"SpotLight","__parent":"Career Mod Edits","position":[431.80365,-986.363953,18.7911549],"outerAngle":55,"rotationMatrix":[0.948863864,0.314577937,0.0264211744,0.0577754378,-0.0907669067,-0.994195044,-0.310353577,0.944882214,-0.10430038]}
{"name":"SpotLight_10","class":"SpotLight","__parent":"Career Mod Edits","position":[-850.398438,-887.392822,40.6927185],"animationType":"NullLightAnim","flareScale":8,"flareType":"BNG_LightFlare_1","outerAngle":65,"rotationMatrix":[0.860916376,-0.0856426805,-0.501486182,-0.4996894,0.0428251624,-0.865145564,0.0955697,0.995405316,-0.00592589378]}
{"name":"policeWorkComputer_area","class":"BeamNGGameplayArea","__parent":"Career Mod Edits","position":[391.551178,103.109932,53.9895554],"rotationMatrix":[-0.633988738,-0.773342907,-5.58793545e-09,0.7731511,-0.633831501,-0.0222703144,0.0172225814,-0.0141191222,0.999751985],"scale":[1.50335169,6.18536711,1]}
{"name":"PointLight_96","class":"PointLight","__parent":"Career Mod Edits","position":[-774.824402,554.661438,28.3046837],"rotationMatrix":[-0.798634648,0.601815879,-1.45519135e-11,-0.000331839663,-0.000440365053,-0.999999642,-0.60181576,-0.79863447,0.000551397272]}
{"name":"PointLight_94","class":"PointLight","__parent":"Career Mod Edits","position":[-795.370483,567.129944,26.6029816],"rotationMatrix":[-0.798635244,0.601815104,0,5.26123536e-08,6.98189169e-08,-0.999999821,-0.601815104,-0.798635185,-8.74227624e-08]}
{"name":"PointLight_92","class":"PointLight","__parent":"Career Mod Edits","position":[-797.189758,498.163361,26.0292187],"rotationMatrix":[-0.617874742,-0.78627646,-2.98023188e-08,-0.581893265,0.457265496,-0.672538519,0.528801262,-0.415544629,-0.740061879]}
{"name":"PointLight_89","class":"PointLight","__parent":"Career Mod Edits","position":[-802.552002,490.563629,26.540638],"rotationMatrix":[-0.617926836,-0.786235392,1.81898919e-12,4.86697936e-05,-3.82511062e-05,-0.999999821,0.786235332,-0.617926836,6.19023122e-05]}
{"name":"PointLight_88","class":"PointLight","__parent":"Career Mod Edits","position":[-775.827209,483.301544,27.9975033],"rotationMatrix":[0.999999881,0,0,0,-0.999999821,-9.86655141e-06,0,9.86655141e-06,-0.999999821]}
{"name":"PointLight_86","class":"PointLight","__parent":"Career Mod Edits","position":[-776.678467,490.432739,27.9886208],"rotationMatrix":[0.999999881,0,0,0,-0.999999821,-9.86655141e-06,0,9.86655141e-06,-0.999999821]}
{"name":"fre_staging_lookoutPointOverlander","class":"BeamNGTrigger","__parent":"Career Mod Edits","position":[123.925125,49.496891,99.8504639],"luaFunction":"onBeamNGTrigger","rotationMatrix":[0.943716586,-0.330741793,0.00298413914,0.330753952,0.943649054,-0.0113281729,0.00093071966,0.0116775995,0.999931395],"scale":[4.79334736,2.2321887,3.99936557]}
{"name":"switchMaps","class":"BeamNGTrigger","__parent":"Career Mod Edits","position":[-218.499802,-899.482239,12.4887238],"rotationMatrix":[-0.98145318,-0.191702381,0,0.191702381,-0.98145318,-1.01308051e-05,1.94209952e-06,-9.94291076e-06,1],"scale":[8.7623291,1,5.08714771],"triggerMode":"Overlaps"}
{"name":"fre_start_backwoodsCrawl2","class":"BeamNGTrigger","__parent":"Career Mod Edits","position":[759.361511,849.169556,82.582222],"luaFunction":"onBeamNGTrigger","rotationMatrix":[0.922458768,0.385307521,0.0246550441,-0.386095554,0.920576096,0.0589057952,0,-0.0638573691,0.997959018],"scale":[1,4.63401127,3.49919415]}
{"name":"fre_finish_ditchDwellerCrawl","class":"BeamNGTrigger","__parent":"Career Mod Edits","position":[-801.305359,-136.68158,27.3046589],"luaFunction":"onBeamNGTrigger","rotationMatrix":[0.840604067,-0.53716296,-0.0695762262,0.541650116,0.833640277,0.107977606,7.4505806e-09,-0.12845239,0.99171567],"scale":[1.92949224,8.06048584,5.69961643]}
{"name":"fre_start_noPrepDrag","class":"BeamNGTrigger","__parent":"Career Mod Edits","position":[-536.00769,298.253021,22.3349724],"luaFunction":"onBeamNGTrigger","rotationMatrix":[0.734620214,0.678478658,0,-0.678478658,0.734620214,0,0,0,1],"scale":[10.2829618,1,5.13396025]}
{"name":"freeroamEvents","class":"SimGroup","__parent":"Career Mod Edits"}
{"name":"secludedCabinComputer_icon","class":"BeamNGPointOfInterest","__parent":"Career Mod Edits","position":[508.851074,-213.715103,10.6722794],"rotationMatrix":[-0.999986649,-0.00514421659,0,0.00514421659,-0.999986589,-1.00413963e-05,5.16724512e-08,-9.98179075e-06,0.999999821]}
{"name":"secludedCabinComputer_Area","class":"BeamNGGameplayArea","__parent":"Career Mod Edits","position":[507.879272,-215.735916,11.6287003],"rotationMatrix":[-0.928145289,-0.372217864,-1.08798304e-10,0.372217864,-0.928145289,-1.00414536e-05,3.737508e-06,-9.31996965e-06,1],"scale":[6.38963699,6.77173567,2.57119441]}
{"name":"policeAssignment","class":"BeamNGTrigger","__parent":"Career Mod Edits","position":[378.1828,107.427025,55.9024811],"luaFunction":"onBeamNGTrigger","rotationMatrix":[-0.614467859,-0.788942456,-8.38190317e-09,0.788675427,-0.614259839,-0.0260154922,0.0205247141,-0.015985677,0.999661565],"scale":[8.24564171,3.75777674,3.73923969]}
{"name":"thirdStreetComputer_icon","class":"BeamNGPointOfInterest","__parent":"Career Mod Edits","position":[589.42395,-43.2001801,55.4787331],"rotationMatrix":[-1,0,0,0,-0.999999821,-1.00413963e-05,0,-1.02202102e-05,0.999999821]}
{"name":"thirdStreetComputer_area","class":"BeamNGGameplayArea","__parent":"Career Mod Edits","position":[587.208679,-50.8216438,55.9518967],"rotationMatrix":[0.615721047,0.787964165,-7.15954229e-09,-0.787962854,0.615720034,-0.00179442763,-0.00141394045,0.00110487244,0.999998391],"scale":[10.7772093,9.91922379,3.76005077]}
{"name":"Level Gate","class":"SpawnSphere","__parent":"Career Mod Edits","position":[-224.125259,-846.475891,15.9957018],"dataBlock":"SpawnSphereMarker","radius":1,"rotationMatrix":[0.954504371,-0.298178136,-0.00334717659,0.297620714,0.953297436,-0.0514384061,0.0185286645,0.0481019914,0.998670578],"spawnClass":"Player","sphereWeight0":"1"}
{"name":"Career Dealerships","class":"SimGroup","__parent":"Career Mod Edits"}
{"name":"Career Mod Garages","class":"SimGroup","__parent":"Career Mod Edits"}
{"name":"nightLights","class":"SimGroup","__parent":"Career Mod Edits"}
{"name":"sawmillForklift","class":"BeamNGVehicle","__parent":"Career Mod Edits","position":[285.955078,-772.523682,46.2819061],"color":[0.00899999961,0.402799994,0.970000029,1.55200005],"colorPalette0":[0.00899999961,0.402799994,0.970000029,1.55200005],"colorPalette1":[0.00899999961,0.402799994,0.970000029,1.55200005],"dataBlock":"default_vehicle","jbeam":"TPUMedForklift","metallicPaintData":[[0,0.200000003,1,0.100000001],[0,0.200000003,1,0.100000001],[0,0.200000003,1,0.100000001],null],"paints":"{{[\"name\"]=\"Electric Blue\",[\"baseColor\"]={0.009,0.4028,0.97,1.552},[\"roughness\"]=0.2,[\"class\"]=\"factory\",[\"clearcoat\"]=1,[\"metallic\"]=0,[\"clearcoatRoughness\"]=0.1},{[\"name\"]=\"Electric Blue\",[\"baseColor\"]={0.009,0.4028,0.97,1.552},[\"roughness\"]=0.2,[\"class\"]=\"factory\",[\"clearcoat\"]=1,[\"metallic\"]=0,[\"clearcoatRoughness\"]=0.1},{[\"name\"]=\"Electric Blue\",[\"baseColor\"]={0.009,0.4028,0.97,1.552},[\"roughness\"]=0.2,[\"class\"]=\"factory\",[\"clearcoat\"]=1,[\"metallic\"]=0,[\"clearcoatRoughness\"]=0.1}}","partConfig":"vehicles/TPUMedForklift/FL45D Triplex.pc","rotationMatrix":[-0.743753433,0.668454111,0.000555030652,-0.668453395,-0.743753433,0.00104520109,0.00111147482,0.000406359584,0.999999285]}
