{"name":"SpotLight_8","class":"SpotLight","__parent":"nightLights","position":[460.883301,-1020.1402,22.5923042],"brightness":2.00000024,"castShadows":true,"outerAngle":130,"priority":2.49999976,"range":50,"rotationMatrix":[0.986227453,0.0427540652,-0.15977335,-0.16286099,0.419473588,-0.893038869,0.0288396701,0.906760335,0.420659304]}
{"name":"SpotLight_7","class":"SpotLight","__parent":"nightLights","position":[409.651215,-1001.60052,24.468174],"brightness":2.49999976,"outerAngle":130,"range":50,"rotationMatrix":[-0.424609065,0.829891443,-0.361923158,-0.266065001,-0.496474862,-0.82627064,-0.865400255,-0.254546583,0.431612015]}
{"name":"SpotLight_5","class":"SpotLight","__parent":"nightLights","position":[894.278015,-697.266785,50.5333633],"brightness":3.99999833,"castShadows":true,"cubemap0":"GreySkyCubemap","fullReflect0":"nil","outerAngle":75,"range":20,"reflectDetailAdjust0":"1","reflectMaxRateMs0":"1","reflectNormalUp0":"true","reflectPriority0":"1","reflectTexSize0":"nil","rotationMatrix":[0.880631804,-0.315683424,0.353315234,0.312445462,-0.173659325,-0.933927417,0.35618186,0.932837844,-0.0542961359],"useOcclusionQuery0":"true"}
{"name":"SpotLight_4","class":"SpotLight","__parent":"nightLights","position":[836.948425,-749.045959,49.0876617],"outerAngle":55,"rotationMatrix":[0.939530134,-0.342174411,-0.0141342282,-0.192933485,-0.494748473,-0.847349405,0.282948375,0.798837304,-0.530848026]}
{"name":"SpotLight_3","class":"SpotLight","__parent":"nightLights","position":[859.67511,-695.15033,49.1977844],"outerAngle":49.7999268,"range":10.4000015,"rotationMatrix":[-0.938614607,0.344178915,-0.0233313143,0.205681562,0.50405395,-0.838823557,-0.276945084,-0.79213047,-0.543903947]}
{"name":"SpotLight_2","class":"SpotLight","__parent":"nightLights","position":[848.286133,-721.983276,54.2802925],"cubemap0":"cubemap_river_reflection","fullReflect0":"nil","outerAngle":50,"range":10.8000031,"reflectDetailAdjust0":"1","reflectMaxRateMs0":"50","reflectNormalUp0":"true","reflectPriority0":"1","reflectTexSize0":"nil","rotationMatrix":[1,0,0,0,0.0496487021,-0.998766899,0,0.998766899,0.0496487021],"useOcclusionQuery0":"true"}
{"name":"PointLight_63","class":"PointLight","__parent":"nightLights","position":[773.833618,-178.153885,56.4108734],"rotationMatrix":[-0.948865056,0.315681785,-1.86264493e-09,0.0577746332,0.173656911,-0.983109891,-0.310349911,-0.932838619,-0.183015391]}
{"name":"PointLight_62","class":"PointLight","__parent":"nightLights","position":[780.196655,-177.869476,56.1067734],"rotationMatrix":[0.94886446,-0.315683365,0,-0.0577758104,-0.173659474,-0.983109355,0.310351312,0.932837605,-0.183018193]}
{"name":"PointLight_61","class":"PointLight","__parent":"nightLights","position":[795.947266,-200.455338,56.2177773],"rotationMatrix":[-0.948864341,0.31568411,0,0.0577757098,0.173658729,-0.983109474,-0.310352117,-0.932837665,-0.183017448]}
{"name":"PointLight_60","class":"PointLight","__parent":"nightLights","position":[796.345947,-206.946106,56.3935814],"rotationMatrix":[0.948863447,-0.315686405,1.86264493e-09,-0.0577753633,-0.173656285,-0.983109951,0.310354471,0.932837188,-0.183015034]}
{"name":"PointLight_59","class":"PointLight","__parent":"nightLights","position":[797.22699,-244.790359,56.3486786],"rotationMatrix":[0.948864758,0.31568253,1.86264493e-09,0.0577747151,-0.173656717,-0.983109891,-0.310350657,0.93283844,-0.183015227]}
{"name":"PointLight_58","class":"PointLight","__parent":"nightLights","position":[796.502075,-278.310181,56.336689],"rotationMatrix":[-0.948865056,0.315681785,-1.86264493e-09,0.0577746332,0.173656911,-0.983109891,-0.310349911,-0.932838619,-0.183015391]}
{"name":"PointLight_57","class":"PointLight","__parent":"nightLights","position":[799.692017,-302.369446,56.3375854],"rotationMatrix":[-0.991499424,0.130110204,-3.72528985e-09,-0.0637067035,-0.485474288,-0.871926486,-0.113446563,-0.864514709,0.489636421]}
{"name":"PointLight_56","class":"PointLight","__parent":"nightLights","position":[789.948242,-303.682465,56.2823296],"rotationMatrix":[-0.948863626,-0.3156856,0,-0.0577752665,0.173656449,-0.983109891,0.310353726,-0.932837427,-0.183015168]}
{"name":"PointLight_55","class":"PointLight","__parent":"nightLights","position":[718.43158,-353.391815,59.6094818],"rotationMatrix":[0.948864758,0.31568253,1.86264493e-09,0.0577747151,-0.173656717,-0.983109891,-0.310350657,0.93283844,-0.183015227]}
{"name":"PointLight_54","class":"PointLight","__parent":"nightLights","position":[712.628845,-322.723267,59.742012],"rotationMatrix":[0.948864758,0.31568253,1.86264493e-09,0.0577747151,-0.173656717,-0.983109891,-0.310350657,0.93283844,-0.183015227]}
{"name":"PointLight_53","class":"PointLight","__parent":"nightLights","position":[636.915955,-149.748718,57.6826935],"rotationMatrix":[0.948864222,0.31568408,0,0.0577759221,-0.173659369,-0.983109355,-0.310352027,0.932837427,-0.183018148]}
{"name":"PointLight_52","class":"PointLight","__parent":"nightLights","position":[384.594788,66.9130402,55.078743],"rotationMatrix":[-0.948864102,-0.315684825,0,-0.057775829,0.173658654,-0.983109474,0.310352832,-0.932837427,-0.183017433]}
{"name":"PointLight_45","class":"PointLight","__parent":"nightLights","position":[426.457947,27.1039467,57.2575684],"rotationMatrix":[-0.948864102,-0.315684825,0,-0.057775829,0.173658654,-0.983109474,0.310352832,-0.932837427,-0.183017433]}
{"name":"PointLight_51","class":"PointLight","__parent":"nightLights","position":[467.498627,-9.00359631,57.0516968],"rotationMatrix":[-0.948864102,-0.315684825,0,-0.057775829,0.173658654,-0.983109474,0.310352832,-0.932837427,-0.183017433]}
{"name":"PointLight_50","class":"PointLight","__parent":"nightLights","position":[510.808105,-46.9549789,56.9933281],"rotationMatrix":[-0.948864102,-0.315684825,0,-0.057775829,0.173658654,-0.983109474,0.310352832,-0.932837427,-0.183017433]}
{"name":"PointLight_49","class":"PointLight","__parent":"nightLights","position":[547.250366,-78.9993134,57.0037689],"rotationMatrix":[-0.948864341,0.31568411,0,0.0577757098,0.173658729,-0.983109474,-0.310352117,-0.932837665,-0.183017448]}
{"name":"PointLight_48","class":"PointLight","__parent":"nightLights","position":[586.212036,-108.654694,57.2210159],"rotationMatrix":[-0.948864102,-0.315684825,0,-0.057775829,0.173658654,-0.983109474,0.310352832,-0.932837427,-0.183017433]}
{"name":"PointLight_47","class":"PointLight","__parent":"nightLights","position":[586.73938,-120.038391,56.5226288],"rotationMatrix":[-0.948863745,-0.315685213,0,-0.0577754118,0.173657149,-0.983109772,0.310353279,-0.932837427,-0.183015868]}
{"name":"PointLight_46","class":"PointLight","__parent":"nightLights","position":[610.460327,-139.06395,56.4888763],"rotationMatrix":[-0.948863626,-0.315685689,-1.49011594e-08,-0.268979013,0.808476567,-0.523464978,0.165250435,-0.496697038,-0.852046967]}
{"name":"PointLight_44","class":"PointLight","__parent":"nightLights","position":[632.171997,-157.612549,56.47855],"rotationMatrix":[-0.948865056,0.315681785,0,0.268975854,0.808477938,-0.523464441,-0.165248215,-0.496697158,-0.852047265]}
{"name":"PointLight_43","class":"PointLight","__parent":"nightLights","position":[657.824585,-180.340027,56.5303764],"rotationMatrix":[-0.948863626,-0.3156856,0,-0.0577752665,0.173656449,-0.983109891,0.310353726,-0.932837427,-0.183015168]}
{"name":"PointLight_42","class":"PointLight","__parent":"nightLights","position":[672.339966,-182.624832,56.6844826],"rotationMatrix":[-0.991060495,-0.133412465,1.86264493e-09,0.0563264415,-0.418423414,-0.906503618,0.120938905,-0.898400068,0.42219764]}
{"name":"PointLight_41","class":"PointLight","__parent":"nightLights","position":[679.15094,-200.173752,56.5093956],"rotationMatrix":[-0.948863626,-0.3156856,0,-0.0577752665,0.173656449,-0.983109891,0.310353726,-0.932837427,-0.183015168]}
{"name":"PointLight_40","class":"PointLight","__parent":"nightLights","position":[698.466309,-218.219864,56.4498863],"rotationMatrix":[-0.948863626,-0.3156856,0,-0.0577752665,0.173656449,-0.983109891,0.310353726,-0.932837427,-0.183015168]}
{"name":"PointLight_39","class":"PointLight","__parent":"nightLights","position":[722.567871,-224.380997,56.4452477],"rotationMatrix":[0,-0.999999881,0,-0.947182715,0,-0.32069394,0.320694,0,-0.947182715]}
{"name":"PointLight_38","class":"PointLight","__parent":"nightLights","position":[723.285889,-241.728729,56.4661522],"rotationMatrix":[-0.948863745,-0.315685213,0,-0.0577754118,0.173657149,-0.983109772,0.310353279,-0.932837427,-0.183015868]}
{"name":"PointLight_19","class":"PointLight","__parent":"nightLights","position":[694.537109,-452.133484,56.3806953],"rotationMatrix":[0.948864758,0.31568253,1.86264493e-09,0.0577747151,-0.173656717,-0.983109891,-0.310350657,0.93283844,-0.183015227]}
{"name":"PointLight_21","class":"PointLight","__parent":"nightLights","position":[735.363831,-447.085388,56.3577919],"rotationMatrix":[-0.990326762,0.138755098,0,-0.0553330258,-0.394924283,-0.917045653,-0.127244785,-0.908174992,0.398781836]}
{"name":"PointLight_23","class":"PointLight","__parent":"nightLights","position":[773.517456,-462.671509,56.8995972],"rotationMatrix":[-0.948864102,-0.315684825,0,-0.057775829,0.173658654,-0.983109474,0.310352832,-0.932837427,-0.183017433]}
{"name":"PointLight_25","class":"PointLight","__parent":"nightLights","position":[770.315002,-499.290131,59.3879967],"rotationMatrix":[-0.948863626,-0.315685689,-1.49011594e-08,-0.268979013,0.808476567,-0.523464978,0.165250435,-0.496697038,-0.852046967]}
{"name":"PointLight_27","class":"PointLight","__parent":"nightLights","position":[712.197266,-496.888245,60.3592606],"rotationMatrix":[-0.991060615,0.133412078,-1.86264493e-09,-0.0563265011,-0.418425143,-0.906502843,-0.12093845,-0.898399353,0.422199309]}
{"name":"PointLight_29","class":"PointLight","__parent":"nightLights","position":[777.768311,-413.326355,56.407589],"rotationMatrix":[0.948863626,-0.315685779,1.86264493e-09,-0.0577755645,-0.173657283,-0.983109772,0.310353845,0.932837188,-0.183016032]}
{"name":"PointLight_31","class":"PointLight","__parent":"nightLights","position":[775.267639,-375.14209,56.3717499],"rotationMatrix":[0.948863447,-0.315686405,1.86264493e-09,-0.0577753633,-0.173656285,-0.983109951,0.310354471,0.932837188,-0.183015034]}
{"name":"PointLight_33","class":"PointLight","__parent":"nightLights","position":[773.401245,-335.893799,56.4487038],"rotationMatrix":[0.991499364,-0.130110472,0,0.0637068823,0.485474557,-0.871926308,0.11344678,0.86451453,0.489636689]}
{"name":"PointLight_20","class":"PointLight","__parent":"nightLights","position":[720.331909,-453.968811,56.3943558],"rotationMatrix":[0.948864758,0.31568253,1.86264493e-09,0.0577747151,-0.173656717,-0.983109891,-0.310350657,0.93283844,-0.183015227]}
{"name":"PointLight_22","class":"PointLight","__parent":"nightLights","position":[745.348877,-456.062042,56.3574905],"rotationMatrix":[0.991060555,0.133412078,1.86264493e-09,-0.0563263819,0.418424308,-0.906503201,-0.12093851,0.898399651,0.422198474]}
{"name":"PointLight_24","class":"PointLight","__parent":"nightLights","position":[778.345825,-463.304169,56.6271553],"rotationMatrix":[-0.948863626,-0.3156856,0,-0.0577752665,0.173656449,-0.983109891,0.310353726,-0.932837427,-0.183015168]}
{"name":"PointLight_26","class":"PointLight","__parent":"nightLights","position":[741.125793,-498.283875,59.8652267],"rotationMatrix":[-0.948865056,0.315681785,-1.86264493e-09,0.0577746332,0.173656911,-0.983109891,-0.310349911,-0.932838619,-0.183015391]}
{"name":"PointLight_28","class":"PointLight","__parent":"nightLights","position":[684.65155,-496.660522,60.4281387],"rotationMatrix":[-0.948865056,0.315681785,0,0.268975854,0.808477938,-0.523464441,-0.165248215,-0.496697158,-0.852047265]}
{"name":"PointLight_30","class":"PointLight","__parent":"nightLights","position":[767.776855,-388.462494,56.7017708],"rotationMatrix":[0.94886446,-0.315683365,1.86264493e-09,-0.0577758253,-0.173659518,-0.983109355,0.310351312,0.932837605,-0.183018237]}
{"name":"PointLight_32","class":"PointLight","__parent":"nightLights","position":[765.90155,-357.025604,56.4417839],"rotationMatrix":[-0.948863626,-0.3156856,0,-0.0577752665,0.173656449,-0.983109891,0.310353726,-0.932837427,-0.183015168]}
{"name":"PointLight_34","class":"PointLight","__parent":"nightLights","position":[762.273376,-312.87912,56.6533508],"rotationMatrix":[-0.948863745,-0.315685213,0,-0.0577754118,0.173657149,-0.983109772,0.310353279,-0.932837427,-0.183015868]}
{"name":"PointLight_37","class":"PointLight","__parent":"nightLights","position":[741.165894,-260.01358,56.5114746],"rotationMatrix":[-0.948863626,-0.3156856,0,-0.0577752665,0.173656449,-0.983109891,0.310353726,-0.932837427,-0.183015168]}
{"name":"PointLight_36","class":"PointLight","__parent":"nightLights","position":[754.630188,-280.835205,56.6245804],"rotationMatrix":[-0.948863626,-0.3156856,0,-0.0577752665,0.173656449,-0.983109891,0.310353726,-0.932837427,-0.183015168]}
{"name":"PointLight_35","class":"PointLight","__parent":"nightLights","position":[768.251648,-294.733734,56.4119492],"rotationMatrix":[0.948863447,-0.315686405,0,-0.268979698,-0.808476388,-0.523464859,0.165250793,0.4966968,-0.852047026]}
{"name":"PointLight_17","class":"PointLight","__parent":"nightLights","position":[679.085022,-451.071045,56.5614166],"rotationMatrix":[0.948864043,0.315684587,-1.86264493e-09,0.0577739999,-0.173653275,-0.983110547,-0.310352892,0.93283838,-0.183011755]}
{"name":"PointLight_2","class":"PointLight","__parent":"nightLights","position":[938.17627,-708.480347,43.505394],"brightness":2.00000024,"radius":6.49999857,"rotationMatrix":[0.948863447,-0.315686405,1.86264493e-09,-0.0577753633,-0.173656285,-0.983109951,0.310354471,0.932837188,-0.183015034]}
{"name":"PointLight_4","class":"PointLight","__parent":"nightLights","position":[909.802612,-697.312805,43.6949043],"radius":6.49999857,"rotationMatrix":[0.948864758,0.31568253,1.86264493e-09,0.0577747151,-0.173656717,-0.983109891,-0.310350657,0.93283844,-0.183015227]}
{"name":"PointLight_6","class":"PointLight","__parent":"nightLights","position":[910.864807,-659.383972,42.8091774],"radius":7.59999752,"rotationMatrix":[0.948863447,-0.315686405,1.86264493e-09,-0.0577753633,-0.173656285,-0.983109951,0.310354471,0.932837188,-0.183015034]}
{"name":"PointLight_8","class":"PointLight","__parent":"nightLights","position":[631.589966,-447.687897,56.4628181],"rotationMatrix":[-0.00113558746,0.999999285,2.98023188e-08,0.871813655,0.000990032917,-0.489836276,-0.489835948,-0.00055623037,-0.871814251]}
{"name":"PointLight_10","class":"PointLight","__parent":"nightLights","position":[614.226013,-447.57666,60.2431374],"rotationMatrix":[-0.00114798523,0.999999225,5.96046377e-08,0.992995083,0.0011399088,-0.118148454,-0.118148394,-0.000135540831,-0.992995799]}
{"name":"PointLight_12","class":"PointLight","__parent":"nightLights","position":[596.684204,-447.640076,60.8759384],"rotationMatrix":[0.00110310293,-0.999999166,2.98023188e-08,-0.992996752,-0.00109532452,-0.118134387,0.118134238,0.000130295623,-0.992997348]}
{"name":"PointLight_14","class":"PointLight","__parent":"nightLights","position":[579.341919,-447.6828,55.7905426],"rotationMatrix":[0.0011284349,-0.999999166,2.98023188e-08,-0.871816278,-0.000983714825,-0.489831507,0.48983112,0.000552773301,-0.871816874]}
{"name":"PointLight_16","class":"PointLight","__parent":"nightLights","position":[658.460754,-449.027557,56.4072342],"rotationMatrix":[0.948864758,0.31568253,1.86264493e-09,0.0577747151,-0.173656717,-0.983109891,-0.310350657,0.93283844,-0.183015227]}
{"name":"PointLight_18","class":"PointLight","__parent":"nightLights","position":[691.237366,-454.347351,56.2919998],"rotationMatrix":[0,0.999999881,0,0.320027113,0,-0.947408199,-0.947408259,0,-0.320027113]}
{"name":"PointLight_3","class":"PointLight","__parent":"nightLights","position":[937.290405,-672.243958,44.8162613],"radius":7.89999723,"rotationMatrix":[0.948863626,-0.315685779,1.86264493e-09,-0.0577755645,-0.173657283,-0.983109772,0.310353845,0.932837188,-0.183016032]}
{"name":"PointLight_5","class":"PointLight","__parent":"nightLights","position":[923.98822,-679.579407,42.0848389],"radius":8.39999866,"rotationMatrix":[-0.948865056,0.315681785,-1.86264493e-09,0.0577746332,0.173656911,-0.983109891,-0.310349911,-0.932838619,-0.183015391]}
{"name":"PointLight_7","class":"PointLight","__parent":"nightLights","position":[890.565857,-674.450928,44.4800644],"radius":6.49999857,"rotationMatrix":[0.0147784948,0.315681487,0.948750317,-0.983890891,0.173656464,-0.042455405,-0.178159177,-0.932839155,0.313162327]}
{"name":"PointLight_9","class":"PointLight","__parent":"nightLights","position":[622.745178,-447.610657,59.2919006],"rotationMatrix":[-0.001124501,0.999999285,0,0.956464946,0.00107559538,-0.291844457,-0.291844249,-0.000328183029,-0.956465542]}
{"name":"PointLight_11","class":"PointLight","__parent":"nightLights","position":[605.540466,-447.650635,60.6349678],"rotationMatrix":[0.999999881,2.10492901e-10,-6.93889308e-18,2.10492887e-10,-0.999999821,-9.86655141e-06,-2.09796043e-15,9.86655141e-06,-0.999999821]}
{"name":"PointLight_13","class":"PointLight","__parent":"nightLights","position":[587.858215,-447.553284,59.1605034],"rotationMatrix":[0.00103163696,-0.999999285,2.98023188e-08,-0.956460178,-0.000986724859,-0.291860312,0.291860163,0.000301062915,-0.956460774]}
{"name":"PointLight_15","class":"PointLight","__parent":"nightLights","position":[658.460754,-449.027557,61.2347565],"rotationMatrix":[0.948864758,0.31568253,1.86264493e-09,0.0577747151,-0.173656717,-0.983109891,-0.310350657,0.93283844,-0.183015227]}
{"name":"PointLight_1","class":"PointLight","__parent":"nightLights","position":[914.619019,-724.39917,43.8549843],"radius":6.49999857,"rotationMatrix":[0.948863447,-0.315686405,1.86264493e-09,-0.0577753633,-0.173656285,-0.983109951,0.310354471,0.932837188,-0.183015034]}
{"name":"SpotLight_1","class":"SpotLight","__parent":"nightLights","position":[-49.8937111,844.268799,31.6338024],"rotationMatrix":[-0.149434328,-0.94951117,0.275857925,-0.28075853,-0.226760507,-0.932605982,0.948073626,-0.216812968,-0.232697248]}
