{"name":"theTerrain2","class":"TerrainBlock","persistentId":"6639f0ae-89f9-4134-8285-c305155e33aa","__parent":"terrain","position":[-1024,-1024,0],"baseTexSize":2048,"materialTextureSet":"east_coast_usaTerrainMaterialTextureSet","maxHeight":120,"minimapImage":"levels/east_coast_usa/east_coast_minimap.png","terrainFile":"/levels/east_coast_usa/theTerrain2.ter"}
{"class":"TSStatic","persistentId":"1d95ffab-8b7b-4880-ad3a-102560b94cbb","__parent":"terrain","position":[761.576172,-361.957336,56.2803993],"isRenderEnabled":false,"rotationMatrix":[0.998655856,0.0518315062,0,-0.0518315062,0.998655856,0,0,0,1],"shapeName":"/levels/east_coast_usa/art/shapes/buildings/eca_comsign_artisans.dae"}
{"class":"TSStatic","persistentId":"c72d2d90-651f-42b0-b9c2-37b522b63368","__parent":"terrain","position":[761.293274,-361.96228,56.994854],"isRenderEnabled":false,"rotationMatrix":[0.99864167,0.05210457,0,-0.05210457,0.99864167,0,0,0,1],"shapeName":"/levels/east_coast_usa/art/shapes/buildings/eca_comsign_mountingbracket.dae"}
{"class":"Prefab","persistentId":"a1cc4e5b-e576-4a79-9bfe-0c4aaf2eeaff","__parent":"terrain","position":[642.490845,-86.1313324,51.3159218],"filename":"levels/east_coast_usa/art/prefabs/cafe_tables_small.prefab","rotationMatrix":[-0.981076479,0.193618059,0,-0.193618059,-0.981076479,0,0,0,1]}
{"class":"Prefab","persistentId":"a75137d9-453f-4dc1-8f25-c3de32cbb151","__parent":"terrain","position":[657.321289,-104.970825,51.3159218],"filename":"levels/east_coast_usa/art/prefabs/cafe_tables_small.prefab","rotationMatrix":[-0.981076479,0.193618059,0,-0.193618059,-0.981076479,0,0,0,1]}
{"class":"Prefab","persistentId":"c1d30db3-e971-465c-a670-5ebbaf809740","__parent":"terrain","position":[662.540649,-111.784721,51.3159218],"filename":"levels/east_coast_usa/art/prefabs/cafe_tables_small.prefab","rotationMatrix":[-0.981076479,0.193618059,0,-0.193618059,-0.981076479,0,0,0,1]}
{"class":"Prefab","persistentId":"efa82a04-a311-45d4-93e5-1a2d0ecd72c0","__parent":"terrain","position":[647.226929,-92.4631729,51.3159218],"filename":"levels/east_coast_usa/art/prefabs/cafe_tables_small.prefab","rotationMatrix":[-0.981076479,0.193618059,0,-0.193618059,-0.981076479,0,0,0,1]}
{"name":"PointLight_64","class":"PointLight","__parent":"terrain","position":[735.792725,-193.332428,56.4793663],"rotationMatrix":[-0.948863745,-0.315685213,0,-0.0577754118,0.173657149,-0.983109772,0.310353279,-0.932837427,-0.183015868]}
{"name":"PointLight_65","class":"PointLight","__parent":"terrain","position":[688.149231,-131.126114,55.0919113],"rotationMatrix":[-0.990326762,0.138755098,0,-0.0553330258,-0.394924283,-0.917045653,-0.127244785,-0.908174992,0.398781836]}
{"name":"PointLight_66","class":"PointLight","__parent":"terrain","position":[667.929016,-111.677315,54.4012871],"rotationMatrix":[-0.948863626,-0.3156856,0,-0.0577752665,0.173656449,-0.983109891,0.310353726,-0.932837427,-0.183015168]}
{"name":"PointLight_67","class":"PointLight","__parent":"terrain","position":[659.587097,-94.0393219,54.4915047],"rotationMatrix":[0.948863447,-0.315686405,1.86264493e-09,-0.0577753633,-0.173656285,-0.983109951,0.310354471,0.932837188,-0.183015034]}
{"name":"PointLight_68","class":"PointLight","__parent":"terrain","position":[644.835571,-82.3780594,54.4840736],"rotationMatrix":[-0.948863626,-0.3156856,0,-0.0577752665,0.173656449,-0.983109891,0.310353726,-0.932837427,-0.183015168]}
{"name":"PointLight_69","class":"PointLight","__parent":"terrain","position":[625.223816,-64.5927887,54.3718414],"rotationMatrix":[-0.948863626,-0.3156856,0,-0.0577752665,0.173656449,-0.983109891,0.310353726,-0.932837427,-0.183015168]}
{"name":"PointLight_70","class":"PointLight","__parent":"terrain","position":[542.733887,10.2361298,53.9072495],"rotationMatrix":[0.943748713,0.330663085,0,2.8907488e-08,-8.25051387e-08,-0.999999821,-0.330663085,0.943748653,-8.74227624e-08]}
{"name":"PointLight_71","class":"PointLight","__parent":"terrain","position":[512.852966,34.4259224,55.5048599],"rotationMatrix":[0.990602553,0.136771321,0,1.19569306e-08,-8.66012257e-08,-0.999999821,-0.136771321,0.990602493,-8.74227624e-08]}
{"name":"PointLight_72","class":"PointLight","__parent":"terrain","position":[573.707092,-15.6786242,53.91679],"rotationMatrix":[0.763396859,-0.645929456,0,-0.625884831,-0.739706933,-0.247187182,0.15966548,0.188701943,-0.968967557]}
{"name":"PointLight_73","class":"PointLight","__parent":"terrain","position":[606.754517,-43.5672836,53.7103462],"rotationMatrix":[0.901871443,0.432004154,0,3.77670055e-08,-7.88441099e-08,-0.999999821,-0.432004124,0.901871383,-8.74227624e-08]}
{"name":"PointLight_74","class":"PointLight","__parent":"terrain","position":[484.205231,22.9929581,53.7386093],"rotationMatrix":[-0.455176532,0.890401006,2.98023188e-08,0.889285028,0.454606056,-0.0500507578,-0.0445652641,-0.0227819253,-0.998746455]}
{"name":"PointLight_75","class":"PointLight","__parent":"terrain","position":[692.138489,-92.2021942,55.5634003],"rotationMatrix":[-0.948863745,-0.315685213,0,-0.0577754118,0.173657149,-0.983109772,0.310353279,-0.932837427,-0.183015868]}
{"name":"PointLight_76","class":"PointLight","__parent":"terrain","position":[682.522339,-58.4961777,55.5349579],"rotationMatrix":[-0.948863626,-0.3156856,0,-0.0577752665,0.173656449,-0.983109891,0.310353726,-0.932837427,-0.183015168]}
{"name":"PointLight_77","class":"PointLight","__parent":"terrain","position":[647.734314,-30.8491478,55.5172577],"rotationMatrix":[0.991499364,-0.130110472,0,0.0637068823,0.485474557,-0.871926308,0.11344678,0.86451453,0.489636689]}
{"name":"PointLight_78","class":"PointLight","__parent":"terrain","position":[600.258362,-75.4963074,54.5468636],"rotationMatrix":[0.991499364,-0.130110472,0,0.0637068823,0.485474557,-0.871926308,0.11344678,0.86451453,0.489636689]}
{"name":"PointLight_79","class":"PointLight","__parent":"terrain","position":[692.195496,-91.6931992,55.5367203],"rotationMatrix":[0.948863447,-0.315686405,1.86264493e-09,-0.0577753633,-0.173656285,-0.983109951,0.310354471,0.932837188,-0.183015034]}
{"name":"PointLight_80","class":"PointLight","__parent":"terrain","position":[657.917908,-130.254929,55.3369751],"rotationMatrix":[0.948863447,-0.315686405,1.86264493e-09,-0.0577753633,-0.173656285,-0.983109951,0.310354471,0.932837188,-0.183015034]}
{"name":"PointLight_81","class":"PointLight","__parent":"terrain","position":[748.265686,-350.590942,56.419693],"rotationMatrix":[-0.948864102,0.315683961,-1.86264493e-09,0.0577738434,0.17365317,-0.983110607,-0.310352325,-0.93283838,-0.183011591]}
{"name":"fre_finish_backwoodsCrawl1","class":"BeamNGTrigger","__parent":"terrain","position":[756.722839,338.965973,68.6344757],"luaFunction":"onBeamNGTrigger","rotationMatrix":[0.703380942,-0.710813165,0,0.710813165,0.703380942,0,0,0,1],"scale":[7.07001495,1,4.01470947]}
