{"ctxid":0,"pos":[729.263428,-460.140411,53.1364059],"rotationMatrix":[-0.996769309,0.0803191736,0,-0.0803191736,-0.996769309,0,0,0,1],"scale":1,"type":"eca_bld_wood_fence_a"}
{"ctxid":0,"pos":[727.272949,-459.980652,53.1364059],"rotationMatrix":[-0.996769309,0.0803191736,0,-0.0803191736,-0.996769309,0,0,0,1],"scale":1,"type":"eca_bld_wood_fence_a"}
{"ctxid":0,"pos":[723.292908,-459.659424,53.1364059],"rotationMatrix":[-0.996769309,0.0803191736,0,-0.0803191736,-0.996769309,0,0,0,1],"scale":1,"type":"eca_bld_wood_fence_a"}
{"ctxid":0,"pos":[725.283264,-459.819153,53.1364059],"rotationMatrix":[-0.996769309,0.0803191736,0,-0.0803191736,-0.996769309,0,0,0,1],"scale":1,"type":"eca_bld_wood_fence_a"}
{"ctxid":0,"pos":[717.325256,-459.179596,53.1364059],"rotationMatrix":[-0.996769309,0.0803191736,0,-0.0803191736,-0.996769309,0,0,0,1],"scale":1,"type":"eca_bld_wood_fence_a"}
{"ctxid":0,"pos":[715.334839,-459.019836,53.1364059],"rotationMatrix":[-0.996769309,0.0803191736,0,-0.0803191736,-0.996769309,0,0,0,1],"scale":1,"type":"eca_bld_wood_fence_a"}
{"ctxid":0,"pos":[719.314941,-459.341095,53.1364059],"rotationMatrix":[-0.996769309,0.0803191736,0,-0.0803191736,-0.996769309,0,0,0,1],"scale":1,"type":"eca_bld_wood_fence_a"}
{"ctxid":0,"pos":[721.305359,-459.500824,53.1364059],"rotationMatrix":[-0.996769309,0.0803191736,0,-0.0803191736,-0.996769309,0,0,0,1],"scale":1,"type":"eca_bld_wood_fence_a"}
{"ctxid":0,"pos":[705.387756,-458.221069,53.1364059],"rotationMatrix":[-0.996769309,0.0803191736,0,-0.0803191736,-0.996769309,0,0,0,1],"scale":1,"type":"eca_bld_wood_fence_a"}
{"ctxid":0,"pos":[703.397278,-458.061371,53.1364059],"rotationMatrix":[-0.996769309,0.0803191736,0,-0.0803191736,-0.996769309,0,0,0,1],"scale":1,"type":"eca_bld_wood_fence_a"}
{"ctxid":0,"pos":[701.407593,-457.899872,53.1364059],"rotationMatrix":[-0.996769309,0.0803191736,0,-0.0803191736,-0.996769309,0,0,0,1],"scale":1,"type":"eca_bld_wood_fence_a"}
{"ctxid":0,"pos":[709.365662,-458.539429,53.1364059],"rotationMatrix":[-0.996769309,0.0803191736,0,-0.0803191736,-0.996769309,0,0,0,1],"scale":1,"type":"eca_bld_wood_fence_a"}
{"ctxid":0,"pos":[707.375183,-458.379669,53.1364059],"rotationMatrix":[-0.996769309,0.0803191736,0,-0.0803191736,-0.996769309,0,0,0,1],"scale":1,"type":"eca_bld_wood_fence_a"}
{"ctxid":0,"pos":[711.355286,-458.700928,53.1364059],"rotationMatrix":[-0.996769309,0.0803191736,0,-0.0803191736,-0.996769309,0,0,0,1],"scale":1,"type":"eca_bld_wood_fence_a"}
{"ctxid":0,"pos":[713.345764,-458.860657,53.1364059],"rotationMatrix":[-0.996769309,0.0803191736,0,-0.0803191736,-0.996769309,0,0,0,1],"scale":1,"type":"eca_bld_wood_fence_a"}
{"ctxid":0,"pos":[696.979248,-473.028595,57.2276192],"rotationMatrix":[-0.998712778,0.0507209189,0,-0.0507209189,-0.998712778,0,0,0,1],"scale":1,"type":"eca_bld_wood_fence_a"}
{"ctxid":0,"pos":[712.924805,-473.834808,57.2276192],"rotationMatrix":[-0.998712778,0.0507209189,0,-0.0507209189,-0.998712778,0,0,0,1],"scale":1,"type":"eca_bld_wood_fence_a"}
{"ctxid":0,"pos":[710.930481,-473.734192,57.2276192],"rotationMatrix":[-0.998712778,0.0507209189,0,-0.0507209189,-0.998712778,0,0,0,1],"scale":1,"type":"eca_bld_wood_fence_a"}
{"ctxid":0,"pos":[706.942566,-473.531128,57.2276192],"rotationMatrix":[-0.998712778,0.0507209189,0,-0.0507209189,-0.998712778,0,0,0,1],"scale":1,"type":"eca_bld_wood_fence_a"}
{"ctxid":0,"pos":[708.93689,-473.631775,57.2276192],"rotationMatrix":[-0.998712778,0.0507209189,0,-0.0507209189,-0.998712778,0,0,0,1],"scale":1,"type":"eca_bld_wood_fence_a"}
{"ctxid":0,"pos":[700.963379,-473.228516,57.2276192],"rotationMatrix":[-0.998712778,0.0507209189,0,-0.0507209189,-0.998712778,0,0,0,1],"scale":1,"type":"eca_bld_wood_fence_a"}
{"ctxid":0,"pos":[698.969055,-473.127869,57.2276192],"rotationMatrix":[-0.998712778,0.0507209189,0,-0.0507209189,-0.998712778,0,0,0,1],"scale":1,"type":"eca_bld_wood_fence_a"}
{"ctxid":0,"pos":[702.95697,-473.330933,57.2276192],"rotationMatrix":[-0.998712778,0.0507209189,0,-0.0507209189,-0.998712778,0,0,0,1],"scale":1,"type":"eca_bld_wood_fence_a"}
{"ctxid":0,"pos":[704.951294,-473.431549,57.2276192],"rotationMatrix":[-0.998712778,0.0507209189,0,-0.0507209189,-0.998712778,0,0,0,1],"scale":1,"type":"eca_bld_wood_fence_a"}
{"ctxid":0,"pos":[720.899902,-474.238617,57.2276192],"rotationMatrix":[-0.998712778,0.0507209189,0,-0.0507209189,-0.998712778,0,0,0,1],"scale":1,"type":"eca_bld_wood_fence_a"}
{"ctxid":0,"pos":[718.905579,-474.138,57.2276192],"rotationMatrix":[-0.998712778,0.0507209189,0,-0.0507209189,-0.998712778,0,0,0,1],"scale":1,"type":"eca_bld_wood_fence_a"}
{"ctxid":0,"pos":[714.917725,-473.934937,57.2276192],"rotationMatrix":[-0.998712778,0.0507209189,0,-0.0507209189,-0.998712778,0,0,0,1],"scale":1,"type":"eca_bld_wood_fence_a"}
{"ctxid":0,"pos":[716.911987,-474.035583,57.2276192],"rotationMatrix":[-0.998712778,0.0507209189,0,-0.0507209189,-0.998712778,0,0,0,1],"scale":1,"type":"eca_bld_wood_fence_a"}
{"ctxid":0,"pos":[724.885498,-474.438843,57.2276192],"rotationMatrix":[-0.998712778,0.0507209189,0,-0.0507209189,-0.998712778,0,0,0,1],"scale":1,"type":"eca_bld_wood_fence_a"}
{"ctxid":0,"pos":[722.891235,-474.338196,57.2276192],"rotationMatrix":[-0.998712778,0.0507209189,0,-0.0507209189,-0.998712778,0,0,0,1],"scale":1,"type":"eca_bld_wood_fence_a"}
{"ctxid":0,"pos":[726.879089,-474.54126,57.2276192],"rotationMatrix":[-0.998712778,0.0507209189,0,-0.0507209189,-0.998712778,0,0,0,1],"scale":1,"type":"eca_bld_wood_fence_a"}
{"ctxid":0,"pos":[728.763672,-476.631195,57.2276192],"rotationMatrix":[0.0557619929,0.99844414,0,-0.99844414,0.0557619929,0,0,0,1],"scale":1,"type":"eca_bld_wood_fence_a"}
{"ctxid":0,"pos":[728.873413,-474.641907,57.2276192],"rotationMatrix":[-0.998712778,0.0507209189,0,-0.0507209189,-0.998712778,0,0,0,1],"scale":1,"type":"eca_bld_wood_fence_a"}
{"ctxid":0,"pos":[688.806335,-523.400879,58.1448593],"rotationMatrix":[-0.999997377,0.00225192518,0,-0.00225192518,-0.999997377,0,0,0,1],"scale":1,"type":"eca_bld_wood_fence_a"}
{"ctxid":0,"pos":[686.807861,-523.398682,58.1448593],"rotationMatrix":[-0.999997377,0.00225192518,0,-0.00225192518,-0.999997377,0,0,0,1],"scale":1,"type":"eca_bld_wood_fence_a"}
{"ctxid":0,"pos":[682.806641,-523.393005,58.1448593],"rotationMatrix":[-0.999997377,0.00225192518,0,-0.00225192518,-0.999997377,0,0,0,1],"scale":1,"type":"eca_bld_wood_fence_a"}
{"ctxid":0,"pos":[684.805115,-523.395142,58.1448593],"rotationMatrix":[-0.999997377,0.00225192518,0,-0.00225192518,-0.999997377,0,0,0,1],"scale":1,"type":"eca_bld_wood_fence_a"}
{"ctxid":0,"pos":[680.801208,-523.392639,58.1448593],"rotationMatrix":[-0.999997377,0.00225192518,0,-0.00225192518,-0.999997377,0,0,0,1],"scale":1,"type":"eca_bld_wood_fence_a"}
{"ctxid":0,"pos":[678.802673,-523.390442,58.1448593],"rotationMatrix":[-0.999997377,0.00225192518,0,-0.00225192518,-0.999997377,0,0,0,1],"scale":1,"type":"eca_bld_wood_fence_a"}
{"ctxid":0,"pos":[674.798706,-523.384705,58.1448593],"rotationMatrix":[-0.999997377,0.00225192518,0,-0.00225192518,-0.999997377,0,0,0,1],"scale":1,"type":"eca_bld_wood_fence_a"}
{"ctxid":0,"pos":[676.79718,-523.386841,58.1448593],"rotationMatrix":[-0.999997377,0.00225192518,0,-0.00225192518,-0.999997377,0,0,0,1],"scale":1,"type":"eca_bld_wood_fence_a"}
{"ctxid":0,"pos":[692.804932,-523.408508,58.1448593],"rotationMatrix":[-0.999997377,0.00225192518,0,-0.00225192518,-0.999997377,0,0,0,1],"scale":1,"type":"eca_bld_wood_fence_a"}
{"ctxid":0,"pos":[690.806458,-523.406311,58.1448593],"rotationMatrix":[-0.999997377,0.00225192518,0,-0.00225192518,-0.999997377,0,0,0,1],"scale":1,"type":"eca_bld_wood_fence_a"}
{"ctxid":0,"pos":[694.810425,-523.412109,58.1448593],"rotationMatrix":[-0.999997377,0.00225192518,0,-0.00225192518,-0.999997377,0,0,0,1],"scale":1,"type":"eca_bld_wood_fence_a"}
{"ctxid":0,"pos":[696.80896,-523.414246,58.1448593],"rotationMatrix":[-0.999997377,0.00225192518,0,-0.00225192518,-0.999997377,0,0,0,1],"scale":1,"type":"eca_bld_wood_fence_a"}
{"ctxid":0,"pos":[700.812866,-523.416748,58.1448593],"rotationMatrix":[-0.999997377,0.00225192518,0,-0.00225192518,-0.999997377,0,0,0,1],"scale":1,"type":"eca_bld_wood_fence_a"}
{"ctxid":0,"pos":[698.814392,-523.414612,58.1448593],"rotationMatrix":[-0.999997377,0.00225192518,0,-0.00225192518,-0.999997377,0,0,0,1],"scale":1,"type":"eca_bld_wood_fence_a"}
{"ctxid":0,"pos":[702.815613,-523.420349,58.1448593],"rotationMatrix":[-0.999997377,0.00225192518,0,-0.00225192518,-0.999997377,0,0,0,1],"scale":1,"type":"eca_bld_wood_fence_a"}
{"ctxid":0,"pos":[704.814087,-523.422485,58.1448593],"rotationMatrix":[-0.999997377,0.00225192518,0,-0.00225192518,-0.999997377,0,0,0,1],"scale":1,"type":"eca_bld_wood_fence_a"}
{"ctxid":0,"pos":[495.189606,-12.0535851,53.0862389],"rotationMatrix":[-0.646919847,-0.762557983,0,0.762557983,-0.646919847,0,0,0,1],"scale":1,"type":"eca_bld_wood_fence_a"}
{"ctxid":0,"pos":[493.900604,-13.5777397,53.0862389],"rotationMatrix":[-0.646919847,-0.762557983,0,0.762557983,-0.646919847,0,0,0,1],"scale":1,"type":"eca_bld_wood_fence_a"}
{"ctxid":0,"pos":[492.615814,-15.1049004,53.0862389],"rotationMatrix":[-0.646919847,-0.762557983,0,0.762557983,-0.646919847,0,0,0,1],"scale":1,"type":"eca_bld_wood_fence_a"}
{"ctxid":0,"pos":[491.33017,-16.6318169,53.0862389],"rotationMatrix":[-0.646919847,-0.762557983,0,0.762557983,-0.646919847,0,0,0,1],"scale":1,"type":"eca_bld_wood_fence_a"}
{"ctxid":0,"pos":[507.850464,6.06437922,53.0117912],"rotationMatrix":[0.739465952,-0.673193991,0,0.673193991,0.739465952,0,0,0,1],"scale":1,"type":"eca_bld_wood_fence_a"}
{"ctxid":0,"pos":[506.366913,7.40599918,53.0117912],"rotationMatrix":[0.739465952,-0.673193991,0,0.673193991,0.739465952,0,0,0,1],"scale":1,"type":"eca_bld_wood_fence_a"}
{"ctxid":0,"pos":[520.90387,18.4685574,53.0073128],"rotationMatrix":[-0.646919847,-0.762557983,0,0.762557983,-0.646919847,0,0,0,1],"scale":1,"type":"eca_bld_wood_fence_a"}
{"ctxid":0,"pos":[496.482849,-10.531291,53.0862389],"rotationMatrix":[-0.646919847,-0.762557983,0,0.762557983,-0.646919847,0,0,0,1],"scale":1,"type":"eca_bld_wood_fence_a"}
{"ctxid":0,"pos":[497.768494,-9.0043745,53.0862389],"rotationMatrix":[-0.646919847,-0.762557983,0,0.762557983,-0.646919847,0,0,0,1],"scale":1,"type":"eca_bld_wood_fence_a"}
{"ctxid":0,"pos":[499.053284,-7.47721386,53.0862389],"rotationMatrix":[-0.646919847,-0.762557983,0,0.762557983,-0.646919847,0,0,0,1],"scale":1,"type":"eca_bld_wood_fence_a"}
{"ctxid":0,"pos":[500.342285,-5.9530592,53.0862389],"rotationMatrix":[-0.646919847,-0.762557983,0,0.762557983,-0.646919847,0,0,0,1],"scale":1,"type":"eca_bld_wood_fence_a"}
{"ctxid":0,"pos":[501.630981,-4.42880535,53.0862389],"rotationMatrix":[-0.646919847,-0.762557983,0,0.762557983,-0.646919847,0,0,0,1],"scale":1,"type":"eca_bld_wood_fence_a"}
{"ctxid":0,"pos":[502.917725,-2.90343738,53.0862389],"rotationMatrix":[-0.646919847,-0.762557983,0,0.762557983,-0.646919847,0,0,0,1],"scale":1,"type":"eca_bld_wood_fence_a"}
{"ctxid":0,"pos":[504.2052,-1.38036609,53.0862389],"rotationMatrix":[-0.646919847,-0.762557983,0,0.762557983,-0.646919847,0,0,0,1],"scale":1,"type":"eca_bld_wood_fence_a"}
{"ctxid":0,"pos":[505.485474,0.15016675,53.0862389],"rotationMatrix":[-0.646919847,-0.762557983,0,0.762557983,-0.646919847,0,0,0,1],"scale":1,"type":"eca_bld_wood_fence_a"}
{"ctxid":0,"pos":[506.769531,1.67944074,53.0862389],"rotationMatrix":[-0.646919847,-0.762557983,0,0.762557983,-0.646919847,0,0,0,1],"scale":1,"type":"eca_bld_wood_fence_a"}
{"ctxid":0,"pos":[508.055237,3.20241284,53.0861168],"rotationMatrix":[-0.646919847,-0.762557983,0,0.762557983,-0.646919847,0,0,0,1],"scale":1,"type":"eca_bld_wood_fence_a"}
{"ctxid":0,"pos":[509.341797,4.72592258,53.0938454],"rotationMatrix":[-0.646919847,-0.762557983,0,0.762557983,-0.646919847,0,0,0,1],"scale":1,"type":"eca_bld_wood_fence_a"}
{"ctxid":0,"pos":[510.627686,6.25153446,53.0937271],"rotationMatrix":[-0.646919847,-0.762557983,0,0.762557983,-0.646919847,0,0,0,1],"scale":1,"type":"eca_bld_wood_fence_a"}
{"ctxid":0,"pos":[511.914001,7.77704716,53.1014519],"rotationMatrix":[-0.646919847,-0.762557983,0,0.762557983,-0.646919847,0,0,0,1],"scale":1,"type":"eca_bld_wood_fence_a"}
{"ctxid":0,"pos":[513.19696,9.30445957,53.0987434],"rotationMatrix":[-0.646919847,-0.762557983,0,0.762557983,-0.646919847,0,0,0,1],"scale":1,"type":"eca_bld_wood_fence_a"}
{"ctxid":0,"pos":[514.48053,10.8323298,53.087719],"rotationMatrix":[-0.646919847,-0.762557983,0,0.762557983,-0.646919847,0,0,0,1],"scale":1,"type":"eca_bld_wood_fence_a"}
{"ctxid":0,"pos":[515.763489,12.3597078,53.0931549],"rotationMatrix":[-0.646919847,-0.762557983,0,0.762557983,-0.646919847,0,0,0,1],"scale":1,"type":"eca_bld_wood_fence_a"}
{"ctxid":0,"pos":[517.051025,13.8851786,53.0979462],"rotationMatrix":[-0.646919847,-0.762557983,0,0.762557983,-0.646919847,0,0,0,1],"scale":1,"type":"eca_bld_wood_fence_a"}
{"ctxid":0,"pos":[518.335693,15.4128695,53.1096306],"rotationMatrix":[-0.646919847,-0.762557983,0,0.762557983,-0.646919847,0,0,0,1],"scale":1,"type":"eca_bld_wood_fence_a"}
{"ctxid":0,"pos":[519.622253,16.9398136,53.1170692],"rotationMatrix":[-0.646919847,-0.762557983,0,0.762557983,-0.646919847,0,0,0,1],"scale":1,"type":"eca_bld_wood_fence_a"}
{"ctxid":0,"pos":[504.887268,8.7507143,53.0117912],"rotationMatrix":[0.739465952,-0.673193991,0,0.673193991,0.739465952,0,0,0,1],"scale":1,"type":"eca_bld_wood_fence_a"}
{"ctxid":0,"pos":[609.15033,-59.8261414,51.3948479],"rotationMatrix":[-0.673978448,-0.738751054,0,0.738751054,-0.673978448,0,0,0,1],"scale":1,"type":"eca_bld_wood_fence_a"}
{"ctxid":0,"pos":[607.80957,-61.3057251,51.3874092],"rotationMatrix":[-0.673978448,-0.738751054,0,0.738751054,-0.673978448,0,0,0,1],"scale":1,"type":"eca_bld_wood_fence_a"}
{"ctxid":0,"pos":[606.470703,-62.7861366,51.3757248],"rotationMatrix":[-0.673978448,-0.738751054,0,0.738751054,-0.673978448,0,0,0,1],"scale":1,"type":"eca_bld_wood_fence_a"}
{"ctxid":0,"pos":[605.129028,-64.2642212,51.3709335],"rotationMatrix":[-0.673978448,-0.738751054,0,0.738751054,-0.673978448,0,0,0,1],"scale":1,"type":"eca_bld_wood_fence_a"}
{"ctxid":0,"pos":[603.79187,-65.7443771,51.3654976],"rotationMatrix":[-0.673978448,-0.738751054,0,0.738751054,-0.673978448,0,0,0,1],"scale":1,"type":"eca_bld_wood_fence_a"}
{"ctxid":0,"pos":[602.454102,-67.2250061,51.3765221],"rotationMatrix":[-0.673978448,-0.738751054,0,0.738751054,-0.673978448,0,0,0,1],"scale":1,"type":"eca_bld_wood_fence_a"}
{"ctxid":0,"pos":[601.116882,-68.7051926,51.3792305],"rotationMatrix":[-0.673978448,-0.738751054,0,0.738751054,-0.673978448,0,0,0,1],"scale":1,"type":"eca_bld_wood_fence_a"}
{"ctxid":0,"pos":[599.776428,-70.1833649,51.3715057],"rotationMatrix":[-0.673978448,-0.738751054,0,0.738751054,-0.673978448,0,0,0,1],"scale":1,"type":"eca_bld_wood_fence_a"}
{"ctxid":0,"pos":[598.436401,-71.6616516,51.371624],"rotationMatrix":[-0.673978448,-0.738751054,0,0.738751054,-0.673978448,0,0,0,1],"scale":1,"type":"eca_bld_wood_fence_a"}
{"ctxid":0,"pos":[597.095825,-73.1378021,51.3638954],"rotationMatrix":[-0.673978448,-0.738751054,0,0.738751054,-0.673978448,0,0,0,1],"scale":1,"type":"eca_bld_wood_fence_a"}
{"ctxid":0,"pos":[610.486206,-58.3445702,51.3986931],"rotationMatrix":[-0.673978448,-0.738751054,0,0.738751054,-0.673978448,0,0,0,1],"scale":1,"type":"eca_bld_wood_fence_a"}
{"ctxid":0,"pos":[565.047424,-71.2479324,53.0862389],"rotationMatrix":[0.742943108,-0.669354558,0,0.669354558,0.742943108,0,0,0,1],"scale":1,"type":"eca_bld_wood_fence_a"}
{"ctxid":0,"pos":[566.535583,-72.575943,53.0862389],"rotationMatrix":[0.742943108,-0.669354558,0,0.669354558,0.742943108,0,0,0,1],"scale":1,"type":"eca_bld_wood_fence_a"}
{"ctxid":0,"pos":[563.56543,-69.9193268,53.0862389],"rotationMatrix":[0.742943108,-0.669354558,0,0.669354558,0.742943108,0,0,0,1],"scale":1,"type":"eca_bld_wood_fence_a"}
{"ctxid":0,"pos":[562.081604,-68.5899887,53.0862389],"rotationMatrix":[0.742943108,-0.669354558,0,0.669354558,0.742943108,0,0,0,1],"scale":1,"type":"eca_bld_wood_fence_a"}
{"ctxid":0,"pos":[560.08429,-66.7614059,53.0862389],"rotationMatrix":[0.742943108,-0.669354558,0,0.669354558,0.742943108,0,0,0,1],"scale":1,"type":"eca_bld_wood_fence_a"}
{"ctxid":0,"pos":[558.59613,-65.4333954,53.0862389],"rotationMatrix":[0.742943108,-0.669354558,0,0.669354558,0.742943108,0,0,0,1],"scale":1,"type":"eca_bld_wood_fence_a"}
{"ctxid":0,"pos":[582.812988,-33.5646019,53.0073128],"rotationMatrix":[-0.646919847,-0.762557983,0,0.762557983,-0.646919847,0,0,0,1],"scale":1,"type":"eca_bld_wood_fence_a"}
{"ctxid":0,"pos":[557.109802,-64.0969849,53.0862389],"rotationMatrix":[0.742943108,-0.669354558,0,0.669354558,0.742943108,0,0,0,1],"scale":1,"type":"eca_bld_wood_fence_a"}
{"ctxid":0,"pos":[558.391968,-62.5644493,53.0862389],"rotationMatrix":[-0.646919847,-0.762557983,0,0.762557983,-0.646919847,0,0,0,1],"scale":1,"type":"eca_bld_wood_fence_a"}
{"ctxid":0,"pos":[559.677612,-61.0375328,53.0862389],"rotationMatrix":[-0.646919847,-0.762557983,0,0.762557983,-0.646919847,0,0,0,1],"scale":1,"type":"eca_bld_wood_fence_a"}
{"ctxid":0,"pos":[560.962402,-59.5103722,53.0862389],"rotationMatrix":[-0.646919847,-0.762557983,0,0.762557983,-0.646919847,0,0,0,1],"scale":1,"type":"eca_bld_wood_fence_a"}
{"ctxid":0,"pos":[562.251404,-57.9862175,53.0862389],"rotationMatrix":[-0.646919847,-0.762557983,0,0.762557983,-0.646919847,0,0,0,1],"scale":1,"type":"eca_bld_wood_fence_a"}
{"ctxid":0,"pos":[563.5401,-56.4619637,53.0862389],"rotationMatrix":[-0.646919847,-0.762557983,0,0.762557983,-0.646919847,0,0,0,1],"scale":1,"type":"eca_bld_wood_fence_a"}
{"ctxid":0,"pos":[564.826843,-54.9365959,53.0862389],"rotationMatrix":[-0.646919847,-0.762557983,0,0.762557983,-0.646919847,0,0,0,1],"scale":1,"type":"eca_bld_wood_fence_a"}
{"ctxid":0,"pos":[566.114319,-53.4135246,53.0862389],"rotationMatrix":[-0.646919847,-0.762557983,0,0.762557983,-0.646919847,0,0,0,1],"scale":1,"type":"eca_bld_wood_fence_a"}
{"ctxid":0,"pos":[567.394592,-51.8829918,53.0862389],"rotationMatrix":[-0.646919847,-0.762557983,0,0.762557983,-0.646919847,0,0,0,1],"scale":1,"type":"eca_bld_wood_fence_a"}
{"ctxid":0,"pos":[568.67865,-50.3537178,53.0862389],"rotationMatrix":[-0.646919847,-0.762557983,0,0.762557983,-0.646919847,0,0,0,1],"scale":1,"type":"eca_bld_wood_fence_a"}
{"ctxid":0,"pos":[569.964355,-48.8307457,53.0861168],"rotationMatrix":[-0.646919847,-0.762557983,0,0.762557983,-0.646919847,0,0,0,1],"scale":1,"type":"eca_bld_wood_fence_a"}
{"ctxid":0,"pos":[571.250916,-47.3072357,53.0938454],"rotationMatrix":[-0.646919847,-0.762557983,0,0.762557983,-0.646919847,0,0,0,1],"scale":1,"type":"eca_bld_wood_fence_a"}
{"ctxid":0,"pos":[572.536804,-45.7816238,53.0937271],"rotationMatrix":[-0.646919847,-0.762557983,0,0.762557983,-0.646919847,0,0,0,1],"scale":1,"type":"eca_bld_wood_fence_a"}
{"ctxid":0,"pos":[573.82312,-44.2561111,53.1014519],"rotationMatrix":[-0.646919847,-0.762557983,0,0.762557983,-0.646919847,0,0,0,1],"scale":1,"type":"eca_bld_wood_fence_a"}
{"ctxid":0,"pos":[575.106079,-42.7286987,53.0987434],"rotationMatrix":[-0.646919847,-0.762557983,0,0.762557983,-0.646919847,0,0,0,1],"scale":1,"type":"eca_bld_wood_fence_a"}
{"ctxid":0,"pos":[576.389648,-41.2008286,53.087719],"rotationMatrix":[-0.646919847,-0.762557983,0,0.762557983,-0.646919847,0,0,0,1],"scale":1,"type":"eca_bld_wood_fence_a"}
{"ctxid":0,"pos":[577.672607,-39.6734505,53.0931549],"rotationMatrix":[-0.646919847,-0.762557983,0,0.762557983,-0.646919847,0,0,0,1],"scale":1,"type":"eca_bld_wood_fence_a"}
{"ctxid":0,"pos":[578.960144,-38.1479797,53.0979462],"rotationMatrix":[-0.646919847,-0.762557983,0,0.762557983,-0.646919847,0,0,0,1],"scale":1,"type":"eca_bld_wood_fence_a"}
{"ctxid":0,"pos":[580.244812,-36.6202888,53.1096306],"rotationMatrix":[-0.646919847,-0.762557983,0,0.762557983,-0.646919847,0,0,0,1],"scale":1,"type":"eca_bld_wood_fence_a"}
{"ctxid":0,"pos":[581.531372,-35.0933456,53.1170692],"rotationMatrix":[-0.646919847,-0.762557983,0,0.762557983,-0.646919847,0,0,0,1],"scale":1,"type":"eca_bld_wood_fence_a"}
{"ctxid":1,"pos":[-224.115341,-884.043579,10.5107574],"rotationMatrix":[-0.115169846,0.990727007,0.0720762089,-0.993313074,-0.115447134,-0.000320614286,0.008003355,-0.0716312155,0.997398317],"scale":2.7400713,"type":"eca_bld_wood_fence_a"}
{"ctxid":1,"pos":[-224.669037,-878.610901,10.9069891],"rotationMatrix":[-0.115169831,0.98897773,0.0930481702,-0.993312955,-0.115414426,-0.00276624318,0.00800335314,-0.0927446187,0.995656788],"scale":2.7400713,"type":"eca_bld_wood_fence_a"}
{"ctxid":1,"pos":[-225.266937,-873.221741,11.4142523],"rotationMatrix":[-0.115169831,0.988443434,0.0985617861,-0.993312955,-0.1153972,-0.00340981176,0.00800335314,-0.09829548,0.995124102],"scale":2.7400713,"type":"eca_bld_wood_fence_a"}
{"ctxid":1,"pos":[-225.850235,-868.144104,11.9193525],"rotationMatrix":[0.115439236,-0.988546073,-0.0972055644,0.993281126,0.114090271,0.0193418879,-0.00803014357,-0.0987852886,0.995074928],"scale":2.7400713,"type":"eca_bld_wood_fence_a"}
{"ctxid":1,"pos":[-217.13623,-883.229248,10.5107574],"rotationMatrix":[-0.115169846,0.990727007,0.0720762089,-0.993313074,-0.115447134,-0.000320614286,0.008003355,-0.0716312155,0.997398317],"scale":2.7400713,"type":"eca_bld_wood_fence_a"}
{"ctxid":1,"pos":[-217.689926,-877.79657,10.9069891],"rotationMatrix":[-0.115169831,0.98897773,0.0930481702,-0.993312955,-0.115414426,-0.00276624318,0.00800335314,-0.0927446187,0.995656788],"scale":2.7400713,"type":"eca_bld_wood_fence_a"}
{"ctxid":1,"pos":[-218.871124,-867.329773,11.9193525],"rotationMatrix":[0.115439236,-0.988546073,-0.0972055644,0.993281126,0.114090271,0.0193418879,-0.00803014357,-0.0987852886,0.995074928],"scale":2.7400713,"type":"eca_bld_wood_fence_a"}
{"ctxid":1,"pos":[-218.287827,-872.40741,11.4142523],"rotationMatrix":[-0.115169831,0.988443434,0.0985617861,-0.993312955,-0.1153972,-0.00340981176,0.00800335314,-0.09829548,0.995124102],"scale":2.7400713,"type":"eca_bld_wood_fence_a"}
