{"ctxid":0,"pos":[-809.531006,-367.585999,19.2574005],"rotationMatrix":[-0.207768917,0.978213549,0,-0.978213549,-0.207768917,0,0,0,1],"scale":1.38820004,"type":"tree_aspen_small_low"}
{"ctxid":0,"pos":[-809.054993,-371.416992,19.3785],"rotationMatrix":[0.977991998,-0.208646104,0,0.208646104,0.977991998,0,0,0,1],"scale":1.02550006,"type":"tree_aspen_small_low"}
{"ctxid":0,"pos":[-807.30603,-375.963989,18.4466],"rotationMatrix":[-0.0379523039,0.999194741,0,-0.999194741,-0.0379523039,0,0,0,1],"scale":0.9023,"type":"tree_aspen_small_low"}
{"ctxid":0,"pos":[-243.645996,913.692993,25.6012993],"rotationMatrix":[0.0582590699,-0.998283803,0,0.998283803,0.0582590699,0,0,0,1],"scale":1.47959995,"type":"tree_aspen_small_low"}
{"ctxid":0,"pos":[324.89801,-149.410995,48.4291],"rotationMatrix":[-0.994004488,-0.1090362,0,0.1090362,-0.994004488,0,0,0,1],"scale":1.12580001,"type":"tree_aspen_small_low"}
{"ctxid":0,"pos":[155.996994,-249.216995,50.7400017],"rotationMatrix":[-0.971700907,-0.236310214,0,0.236310214,-0.971700907,0,0,0,1],"scale":1.27869999,"type":"tree_aspen_small_low"}
{"ctxid":0,"pos":[67.7845993,-132.998001,55.8250008],"rotationMatrix":[-0.68324554,-0.730066895,0,0.730066895,-0.68324554,0,0,0,1],"scale":1.10739994,"type":"tree_aspen_small_low"}
{"ctxid":0,"pos":[94.5059967,-212.667007,54.7254982],"rotationMatrix":[0.759459496,0.650527418,0,-0.650527418,0.759459496,0,0,0,1],"scale":1.00539994,"type":"tree_aspen_small_low"}
{"ctxid":0,"pos":[94.5950012,-209.942993,54.6464996],"rotationMatrix":[0.709982693,0.704251528,0,-0.704251528,0.709982693,0,0,0,1],"scale":1.22440004,"type":"tree_aspen_small_low"}
{"ctxid":0,"pos":[28.5566998,-227.095993,40.7033005],"rotationMatrix":[0.177981615,-0.983960271,0,0.983960271,0.177981615,0,0,0,1],"scale":0.983200014,"type":"tree_aspen_small_low"}
{"ctxid":0,"pos":[20.8430004,-211.582001,42.2577019],"rotationMatrix":[0.371455312,-0.928465724,0,0.928465724,0.371455312,0,0,0,1],"scale":0.919099987,"type":"tree_aspen_small_low"}
{"ctxid":0,"pos":[21.7397995,-214.632996,41.7089996],"rotationMatrix":[0.434164822,-0.900825858,0,0.900825858,0.434164822,0,0,0,1],"scale":1.48119998,"type":"tree_aspen_small_low"}
{"ctxid":0,"pos":[15.8837996,-204.744995,42.8478012],"rotationMatrix":[0.214243531,-0.976805151,0,0.976805151,0.214243531,0,0,0,1],"scale":1.03400004,"type":"tree_aspen_small_low"}
{"ctxid":0,"pos":[13.4981003,-198.774002,42.1680984],"rotationMatrix":[0.748801231,-0.662798882,0,0.662798882,0.748801231,0,0,0,1],"scale":1.30879998,"type":"tree_aspen_small_low"}
{"ctxid":0,"pos":[10.2382002,-194.968002,41.9281998],"rotationMatrix":[0.850176632,-0.526489317,0,0.526489317,0.850176632,0,0,0,1],"scale":1.30079997,"type":"tree_aspen_small_low"}
{"ctxid":0,"pos":[25.2854004,-188.070007,41.9917984],"rotationMatrix":[-0.029612422,0.999477446,0,-0.999477446,-0.029612422,0,0,0,1],"scale":1.23370004,"type":"tree_aspen_small_low"}
{"ctxid":0,"pos":[31.1086998,-199.671997,41.7062988],"rotationMatrix":[-0.290903091,0.956849337,0,-0.956849337,-0.290903091,0,0,0,1],"scale":1.44920003,"type":"tree_aspen_small_low"}
{"ctxid":0,"pos":[32.7392006,-203.371994,41.769001],"rotationMatrix":[-0.957429051,0.288282007,0,-0.288282007,-0.957429051,0,0,0,1],"scale":1.28629994,"type":"tree_aspen_small_low"}
{"ctxid":0,"pos":[33.9770012,-204.085007,41.6958008],"rotationMatrix":[-0.617480874,-0.78670764,0,0.78670764,-0.617480874,0,0,0,1],"scale":1.41799998,"type":"tree_aspen_small_low"}
{"ctxid":0,"pos":[38.1323013,-212.335007,40.9934998],"rotationMatrix":[-0.212435842,0.97714299,0,-0.97714299,-0.212435842,0,0,0,1],"scale":0.987800002,"type":"tree_aspen_small_low"}
{"ctxid":0,"pos":[40.1529999,-214.778,40.6094017],"rotationMatrix":[-0.993605018,0.113418236,0,-0.113418236,-0.993605018,0,0,0,1],"scale":1.07550001,"type":"tree_aspen_small_low"}
{"ctxid":0,"pos":[40.9305,-215.714005,39.263401],"rotationMatrix":[-0.468212605,-0.883532226,0,0.883532226,-0.468212605,0,0,0,1],"scale":1.43130004,"type":"tree_aspen_small_low"}
{"ctxid":0,"pos":[35.911499,-207.014008,40.2979012],"rotationMatrix":[0.237387478,0.971450984,0,-0.971450984,0.237387478,0,0,0,1],"scale":1.46420002,"type":"tree_aspen_small_low"}
{"ctxid":0,"pos":[113.466003,-312.355988,48.1792984],"rotationMatrix":[0.539967656,0.841697991,0,-0.841697991,0.539967656,0,0,0,1],"scale":1.46899998,"type":"tree_aspen_small_low"}
{"ctxid":0,"pos":[95.2854996,-302.359009,49.2476997],"rotationMatrix":[0.0183191895,-0.999756277,0,0.999756277,0.0183191895,0,0,0,1],"scale":1.25199997,"type":"tree_aspen_small_low"}
{"ctxid":0,"pos":[91.0932999,-298.014008,48.4849014],"rotationMatrix":[0.259212017,-0.965848267,0,0.965848267,0.259212017,0,0,0,1],"scale":1.36230004,"type":"tree_aspen_small_low"}
{"ctxid":0,"pos":[90.2385025,-300.110992,49.4468002],"rotationMatrix":[0.997127175,-0.0757469386,0,0.0757469386,0.997127175,0,0,0,1],"scale":1.25300002,"type":"tree_aspen_small_low"}
{"ctxid":0,"pos":[110.366997,-318.237,46.8027992],"rotationMatrix":[0.0849660635,-0.996472478,0,0.996472478,0.0849660635,0,0,0,1],"scale":1.27129996,"type":"tree_aspen_small_low"}
{"ctxid":0,"pos":[110.185997,-315.260986,47.4455986],"rotationMatrix":[0.0930649042,0.995689213,0,-0.995689213,0.0930649042,0,0,0,1],"scale":1.45050001,"type":"tree_aspen_small_low"}
{"ctxid":0,"pos":[752.346008,133.005997,54.8969002],"rotationMatrix":[0.787838995,-0.615898728,0,0.615898728,0.787838995,0,0,0,1],"scale":0.947899997,"type":"tree_aspen_small_low"}
{"ctxid":0,"pos":[754.640015,133.326996,55.335701],"rotationMatrix":[0.99960798,-0.0279972013,0,0.0279972013,0.99960798,0,0,0,1],"scale":1.10870004,"type":"tree_aspen_small_low"}
{"ctxid":0,"pos":[753.784973,129.473007,55.2342987],"rotationMatrix":[0.985549986,0.169387996,0,-0.169387996,0.985549986,0,0,0,1],"scale":1.43649995,"type":"tree_aspen_small_low"}
{"ctxid":0,"pos":[751.767029,129.580994,54.9244003],"rotationMatrix":[0.855493128,0.517816305,0,-0.517816305,0.855493128,0,0,0,1],"scale":1.06389999,"type":"tree_aspen_small_low"}
{"ctxid":0,"pos":[756.577026,130.119995,55.4817009],"rotationMatrix":[-0.143374443,0.989583671,0,-0.989583671,-0.143374443,0,0,0,1],"scale":1.3786,"type":"tree_aspen_small_low"}
{"ctxid":0,"pos":[755.877014,128.218002,55.0674019],"rotationMatrix":[-0.888401866,-0.459419757,0,0.459419757,-0.888401866,0,0,0,1],"scale":1.33659995,"type":"tree_aspen_small_low"}
{"ctxid":0,"pos":[757.396973,125.982002,56.2495995],"rotationMatrix":[0.241334438,0.970412016,0,-0.970412016,0.241334438,0,0,0,1],"scale":1.37360001,"type":"tree_aspen_small_low"}
{"ctxid":0,"pos":[759.211975,127.313004,56.3913994],"rotationMatrix":[-0.0561858416,-0.998485804,0,0.998485804,-0.0561858416,0,0,0,1],"scale":0.946200013,"type":"tree_aspen_small_low"}
{"ctxid":0,"pos":[768.338013,130.393997,57.1446991],"rotationMatrix":[0.091987133,-0.995741606,0,0.995741606,0.091987133,0,0,0,1],"scale":1.42700005,"type":"tree_aspen_small_low"}
{"ctxid":0,"pos":[777.094971,144.069,58.1390991],"rotationMatrix":[-0.663123131,0.748305082,0,-0.748305082,-0.663123131,0,0,0,1],"scale":1.44739997,"type":"tree_aspen_small_low"}
{"ctxid":0,"pos":[763.140991,121.996002,56.0521011],"rotationMatrix":[0.480004013,-0.877231896,0,0.877231896,0.480004013,0,0,0,1],"scale":1.47800004,"type":"tree_aspen_small_low"}
{"ctxid":0,"pos":[762.445007,116.522003,55.9905014],"rotationMatrix":[0.58613199,0.810176909,0,-0.810176909,0.58613199,0,0,0,1],"scale":1.08720005,"type":"tree_aspen_small_low"}
{"ctxid":0,"pos":[761.911987,115.620003,55.5415001],"rotationMatrix":[-0.996401787,-0.0827254802,0,0.0827254802,-0.996401787,0,0,0,1],"scale":1.40310001,"type":"tree_aspen_small_low"}
{"ctxid":0,"pos":[763.880981,109.936996,57.0069008],"rotationMatrix":[-0.915315986,-0.403183222,0,0.403183222,-0.915315986,0,0,0,1],"scale":0.973399997,"type":"tree_aspen_small_low"}
{"ctxid":0,"pos":[762.914978,110.509003,55.4846001],"rotationMatrix":[-0.00592935085,0.999971986,0,-0.999971986,-0.00592935085,0,0,0,1],"scale":1.44519997,"type":"tree_aspen_small_low"}
{"ctxid":0,"pos":[760.539978,110.504997,56.6171989],"rotationMatrix":[0.519211829,0.854690909,0,-0.854690909,0.519211829,0,0,0,1],"scale":1.13409996,"type":"tree_aspen_small_low"}
{"ctxid":0,"pos":[764.810974,112.894997,56.6846008],"rotationMatrix":[-0.954659939,0.298161775,0,-0.298161775,-0.954659939,0,0,0,1],"scale":1.02460003,"type":"tree_aspen_small_low"}
{"ctxid":0,"pos":[766.047974,118.943001,57.6390991],"rotationMatrix":[-0.66385293,-0.747922003,0,0.747922003,-0.66385293,0,0,0,1],"scale":0.980400026,"type":"tree_aspen_small_low"}
{"ctxid":0,"pos":[763.312988,118.482002,56.8707008],"rotationMatrix":[-0.227431059,-0.973766208,0,0.973766208,-0.227431059,0,0,0,1],"scale":1.07630002,"type":"tree_aspen_small_low"}
{"ctxid":0,"pos":[765.820984,120.617996,57.1804008],"rotationMatrix":[0.442220747,0.896925092,0,-0.896925092,0.442220747,0,0,0,1],"scale":1.43910003,"type":"tree_aspen_small_low"}
{"ctxid":0,"pos":[768.020996,123.639,56.9878006],"rotationMatrix":[0.957659483,-0.287915409,0,0.287915409,0.957659483,0,0,0,1],"scale":1.03890002,"type":"tree_aspen_small_low"}
{"ctxid":0,"pos":[767.219971,124.797997,57.4771996],"rotationMatrix":[0.147443235,-0.989143491,0,0.989143491,0.147443235,0,0,0,1],"scale":1.34720004,"type":"tree_aspen_small_low"}
{"ctxid":0,"pos":[747.34198,131.850006,54.2871017],"rotationMatrix":[0.982627511,-0.185579836,0,0.185579836,0.982627511,0,0,0,1],"scale":1.00590003,"type":"tree_aspen_small_low"}
{"ctxid":0,"pos":[650.176819,458.563965,56.088295],"rotationMatrix":[0.612555683,0.790427446,0,-0.790427446,0.612555683,0,0,0,1],"scale":1.45510209,"type":"tree_aspen_small_low"}
{"ctxid":0,"pos":[659.482239,438.893402,54.8875999],"rotationMatrix":[0.729623675,0.683848917,0,-0.683848917,0.729623675,0,0,0,1],"scale":1.23205006,"type":"tree_aspen_small_low"}
{"ctxid":0,"pos":[641.097595,439.449738,54.3550034],"rotationMatrix":[0.219644308,0.975580037,0,-0.975580037,0.219644308,0,0,0,1],"scale":0.978420436,"type":"tree_aspen_small_low"}
{"ctxid":0,"pos":[644.111206,401.266235,50.84758],"rotationMatrix":[-0.186132669,-0.982524633,0,0.982524633,-0.186132669,0,0,0,1],"scale":1.32461548,"type":"tree_aspen_small_low"}
{"ctxid":0,"pos":[681.256165,429.065857,56.8413315],"rotationMatrix":[0.511413395,-0.859334826,0,0.859334826,0.511413395,0,0,0,1],"scale":1.04961729,"type":"tree_aspen_small_low"}
{"ctxid":0,"pos":[643.247314,406.148712,50.8556633],"rotationMatrix":[0.480627358,0.876924932,0,-0.876924932,0.480627358,0,0,0,1],"scale":1.4850204,"type":"tree_aspen_small_low"}
{"ctxid":0,"pos":[652.96759,418.476959,52.3774948],"rotationMatrix":[0.991944134,-0.126676038,0,0.126676038,0.991944134,0,0,0,1],"scale":1.48276627,"type":"tree_aspen_small_low"}
{"ctxid":0,"pos":[664.722534,415.433868,53.6351585],"rotationMatrix":[-0.754246831,0.656590998,0,-0.656590998,-0.754246831,0,0,0,1],"scale":1.02105713,"type":"tree_aspen_small_low"}
{"ctxid":0,"pos":[630.418091,406.424194,50.2084961],"rotationMatrix":[-0.828664601,0.559745491,0,-0.559745491,-0.828664601,0,0,0,1],"scale":1.20155156,"type":"tree_aspen_small_low"}
{"ctxid":0,"pos":[622.697937,432.321533,54.0247841],"rotationMatrix":[0.52856636,-0.848891973,0,0.848891973,0.52856636,0,0,0,1],"scale":1.18804812,"type":"tree_aspen_small_low"}
{"ctxid":0,"pos":[629.479004,433.092804,54.6649704],"rotationMatrix":[0.626081109,-0.779757917,0,0.779757917,0.626081109,0,0,0,1],"scale":1.12069845,"type":"tree_aspen_small_low"}
{"ctxid":0,"pos":[637.887268,413.524719,52.0799637],"rotationMatrix":[0.377024323,0.92620337,0,-0.92620337,0.377024323,0,0,0,1],"scale":1.09642267,"type":"tree_aspen_small_low"}
{"ctxid":0,"pos":[675.098755,469.520447,57.4152946],"rotationMatrix":[0.906784892,0.421593547,0,-0.421593547,0.906784892,0,0,0,1],"scale":1.23298562,"type":"tree_aspen_small_low"}
{"ctxid":0,"pos":[669.239624,458.96991,56.6038361],"rotationMatrix":[0.361438841,0.932395816,0,-0.932395816,0.361438841,0,0,0,1],"scale":1.29542255,"type":"tree_aspen_small_low"}
{"ctxid":0,"pos":[530.530457,522.50885,58.8111267],"rotationMatrix":[-0.822505772,-0.5687567,0,0.5687567,-0.822505772,0,0,0,1],"scale":1.39247549,"type":"tree_aspen_small_low"}
{"ctxid":0,"pos":[531.096008,486.948975,58.6094322],"rotationMatrix":[-0.99675256,-0.0805255324,0,0.0805255324,-0.99675256,0,0,0,1],"scale":1.13333654,"type":"tree_aspen_small_low"}
{"ctxid":0,"pos":[555.03302,463.279358,63.1976357],"rotationMatrix":[0.51598829,0.856595635,0,-0.856595635,0.51598829,0,0,0,1],"scale":1.4196403,"type":"tree_aspen_small_low"}
{"ctxid":0,"pos":[558.509094,469.341705,66.8370361],"rotationMatrix":[-0.269827485,0.962908685,0,-0.962908685,-0.269827485,0,0,0,1],"scale":1.37078547,"type":"tree_aspen_small_low"}
{"ctxid":0,"pos":[559.942383,463.048676,67.6248856],"rotationMatrix":[-0.962316394,0.271932364,0,-0.271932364,-0.962316394,0,0,0,1],"scale":1.24940038,"type":"tree_aspen_small_low"}
{"ctxid":0,"pos":[577.112671,440.025909,60.4838905],"rotationMatrix":[0.512753308,0.858535945,0,-0.858535945,0.512753308,0,0,0,1],"scale":1.07515883,"type":"tree_aspen_small_low"}
{"ctxid":0,"pos":[540.998047,549.734009,56.7108383],"rotationMatrix":[-0.996221602,-0.0868478194,0,0.0868478194,-0.996221602,0,0,0,1],"scale":1.28020024,"type":"tree_aspen_small_low"}
{"ctxid":0,"pos":[565.075867,547.417175,57.8136482],"rotationMatrix":[0.392332375,-0.919823527,0,0.919823527,0.392332375,0,0,0,1],"scale":1.47761405,"type":"tree_aspen_small_low"}
{"ctxid":0,"pos":[541.78656,525.567139,62.1124191],"rotationMatrix":[-0.242046848,0.970264554,0,-0.970264554,-0.242046848,0,0,0,1],"scale":0.926564157,"type":"tree_aspen_small_low"}
{"ctxid":0,"pos":[555.541687,500.644501,64.0955353],"rotationMatrix":[0.380390882,-0.924825788,0,0.924825788,0.380390882,0,0,0,1],"scale":1.1465373,"type":"tree_aspen_small_low"}
{"ctxid":0,"pos":[579.197021,476.677246,59.4990234],"rotationMatrix":[-0.274794161,0.961503088,0,-0.961503088,-0.274794161,0,0,0,1],"scale":1.21785855,"type":"tree_aspen_small_low"}
{"ctxid":0,"pos":[569.193237,618.121521,49.0146294],"rotationMatrix":[-0.927144527,-0.374703974,0,0.374703974,-0.927144527,0,0,0,1],"scale":0.913104832,"type":"tree_aspen_small_low"}
{"ctxid":0,"pos":[583.964844,602.227234,54.2933159],"rotationMatrix":[0.346457899,-0.938065529,0,0.938065529,0.346457899,0,0,0,1],"scale":1.13156819,"type":"tree_aspen_small_low"}
{"ctxid":0,"pos":[599.078064,595.036804,50.9203262],"rotationMatrix":[0.142820582,-0.989748597,0,0.989748597,0.142820582,0,0,0,1],"scale":1.0828222,"type":"tree_aspen_small_low"}
{"ctxid":0,"pos":[537.653198,514.705627,61.0509758],"rotationMatrix":[0.326085269,0.945340335,0,-0.945340335,0.326085269,0,0,0,1],"scale":1.29287577,"type":"tree_aspen_small_low"}
{"ctxid":0,"pos":[534.597412,516.438904,58.9119301],"rotationMatrix":[-0.173444852,-0.984843612,0,0.984843612,-0.173444852,0,0,0,1],"scale":1.31921422,"type":"tree_aspen_small_low"}
{"ctxid":0,"pos":[528.251038,508.906677,58.6946411],"rotationMatrix":[0.998782158,0.0493376777,0,-0.0493376777,0.998782158,0,0,0,1],"scale":1.41879034,"type":"tree_aspen_small_low"}
{"ctxid":0,"pos":[536.376099,523.144836,60.3705406],"rotationMatrix":[0.932285011,-0.361724645,0,0.361724645,0.932285011,0,0,0,1],"scale":1.36678123,"type":"tree_aspen_small_low"}
{"ctxid":0,"pos":[518.322388,518.584534,55.4427643],"rotationMatrix":[-0.793172359,0.608997226,0,-0.608997226,-0.793172359,0,0,0,1],"scale":1.48776531,"type":"tree_aspen_small_low"}
{"ctxid":0,"pos":[538.316956,534.789978,60.7551117],"rotationMatrix":[0.456509322,-0.889718652,0,0.889718652,0.456509322,0,0,0,1],"scale":0.986223817,"type":"tree_aspen_small_low"}
{"ctxid":0,"pos":[520.725037,541.044067,56.5184555],"rotationMatrix":[0.310324669,-0.950630605,0,0.950630605,0.310324669,0,0,0,1],"scale":1.17890155,"type":"tree_aspen_small_low"}
{"ctxid":0,"pos":[556.986694,462.776672,66.5502014],"rotationMatrix":[-0.974444747,0.224627197,0,-0.224627197,-0.974444747,0,0,0,1],"scale":1.10202587,"type":"tree_aspen_small_low"}
{"ctxid":0,"pos":[562.396484,472.810364,68.14077],"rotationMatrix":[-0.81244719,-0.583034813,0,0.583034813,-0.81244719,0,0,0,1],"scale":1.43372166,"type":"tree_aspen_small_low"}
{"ctxid":0,"pos":[115.236877,-251.602478,54.6568642],"rotationMatrix":[-0.0196544267,0.999806821,0,-0.999806821,-0.0196544267,0,0,0,1],"scale":1.34803867,"type":"tree_aspen_small_low"}
{"ctxid":0,"pos":[86.2992554,-243.143707,49.87043],"rotationMatrix":[0.105830491,0.99438417,0,-0.99438417,0.105830491,0,0,0,1],"scale":1.01955879,"type":"tree_aspen_small_low"}
{"ctxid":0,"pos":[78.4333954,-206.479279,49.9454155],"rotationMatrix":[-0.26498279,0.964253128,0,-0.964253128,-0.26498279,0,0,0,1],"scale":1.22390473,"type":"tree_aspen_small_low"}
{"ctxid":0,"pos":[50.1575394,-209.718948,38.9298248],"rotationMatrix":[-0.686559319,-0.727073789,0,0.727073789,-0.686559319,0,0,0,1],"scale":1.466362,"type":"tree_aspen_small_low"}
{"ctxid":0,"pos":[85.9916382,-226.055618,48.0861359],"rotationMatrix":[0.533447862,0.845832944,0,-0.845832944,0.533447862,0,0,0,1],"scale":1.04615235,"type":"tree_aspen_small_low"}
{"ctxid":0,"pos":[84.1357574,-211.875717,50.8344193],"rotationMatrix":[-0.111699089,-0.993742049,0,0.993742049,-0.111699089,0,0,0,1],"scale":1.41425586,"type":"tree_aspen_small_low"}
{"ctxid":0,"pos":[58.6608276,-164.763443,50.6405907],"rotationMatrix":[0.343076438,0.939307511,0,-0.939307511,0.343076438,0,0,0,1],"scale":1.13166094,"type":"tree_aspen_small_low"}
{"ctxid":0,"pos":[64.5515823,-194.802017,45.963932],"rotationMatrix":[0.535240293,0.84469986,0,-0.84469986,0.535240293,0,0,0,1],"scale":0.958767533,"type":"tree_aspen_small_low"}
{"ctxid":0,"pos":[54.3872147,-183.441711,45.2605095],"rotationMatrix":[-0.898548007,0.438875198,0,-0.438875198,-0.898548007,0,0,0,1],"scale":0.91346848,"type":"tree_aspen_small_low"}
{"ctxid":0,"pos":[68.445816,-177.027191,51.5472984],"rotationMatrix":[-0.271077454,-0.962557554,0,0.962557554,-0.271077454,0,0,0,1],"scale":0.976230979,"type":"tree_aspen_small_low"}
{"ctxid":0,"pos":[48.9294357,-168.814484,47.0506477],"rotationMatrix":[0.215870842,-0.976421952,0,0.976421952,0.215870842,0,0,0,1],"scale":1.34464407,"type":"tree_aspen_small_low"}
{"ctxid":0,"pos":[47.2007523,-146.762314,51.4960709],"rotationMatrix":[-0.0981831923,-0.995168328,0,0.995168328,-0.0981831923,0,0,0,1],"scale":1.33147144,"type":"tree_aspen_small_low"}
{"ctxid":0,"pos":[33.2549057,-174.632248,42.1029778],"rotationMatrix":[-0.995616674,0.0935278386,0,-0.0935278386,-0.995616674,0,0,0,1],"scale":1.2105763,"type":"tree_aspen_small_low"}
{"ctxid":0,"pos":[23.8768787,-149.904922,47.3657494],"rotationMatrix":[0.964867949,0.262735367,0,-0.262735367,0.964867949,0,0,0,1],"scale":1.43874717,"type":"tree_aspen_small_low"}
{"ctxid":0,"pos":[18.6383057,-143.287979,48.1312218],"rotationMatrix":[0.383300275,0.9236238,0,-0.9236238,0.383300275,0,0,0,1],"scale":1.45962775,"type":"tree_aspen_small_low"}
{"ctxid":0,"pos":[1.91804838,-125.925278,47.869339],"rotationMatrix":[0.852644145,-0.522492051,0,0.522492051,0.852644145,0,0,0,1],"scale":1.43721747,"type":"tree_aspen_small_low"}
{"ctxid":0,"pos":[6.55495596,-103.409142,50.6665306],"rotationMatrix":[-0.966637492,-0.256148338,0,0.256148338,-0.966637492,0,0,0,1],"scale":1.00737536,"type":"tree_aspen_small_low"}
{"ctxid":0,"pos":[16.6362495,-116.315872,51.7158775],"rotationMatrix":[-0.953611374,0.3010405,0,-0.3010405,-0.953611374,0,0,0,1],"scale":1.17160177,"type":"tree_aspen_small_low"}
{"ctxid":0,"pos":[10.8664846,-110.802917,50.5224915],"rotationMatrix":[0.959259152,-0.282527685,0,0.282527685,0.959259152,0,0,0,1],"scale":1.00177419,"type":"tree_aspen_small_low"}
{"ctxid":0,"pos":[-6.10980654,-85.5656433,50.1661606],"rotationMatrix":[-0.638598025,-0.769540489,0,0.769540489,-0.638598025,0,0,0,1],"scale":1.45150805,"type":"tree_aspen_small_low"}
{"ctxid":0,"pos":[9.32823944,-62.5441055,51.3281517],"rotationMatrix":[-0.418399334,-0.908263147,0,0.908263147,-0.418399334,0,0,0,1],"scale":1.27694821,"type":"tree_aspen_small_low"}
{"ctxid":0,"pos":[11.6240959,-64.0973358,52.5426102],"rotationMatrix":[-0.630229056,-0.776409268,0,0.776409268,-0.630229056,0,0,0,1],"scale":0.916358173,"type":"tree_aspen_small_low"}
{"ctxid":0,"pos":[-32.2659111,-28.7914925,47.2577515],"rotationMatrix":[0.253244817,0.96740222,0,-0.96740222,0.253244817,0,0,0,1],"scale":1.20664406,"type":"tree_aspen_small_low"}
{"ctxid":1,"pos":[641.851562,318.029266,49.115757],"rotationMatrix":[-0.942111194,-0.335300624,0,0.335300624,-0.942111194,0,0,0,0.999999881],"scale":1.05049396,"type":"tree_aspen_small_low"}
{"ctxid":1,"pos":[659.704163,306.952148,48.9080849],"rotationMatrix":[-0.600854456,0.799358189,0,-0.799358189,-0.600854456,0,0,0,0.999999881],"scale":1.01532996,"type":"tree_aspen_small_low"}
{"ctxid":1,"pos":[649.596863,322.705414,49.393631],"rotationMatrix":[0.00326507282,0.999994516,0,-0.999994516,0.00326507282,0,0,0,0.999999881],"scale":0.951488495,"type":"tree_aspen_small_low"}
{"ctxid":1,"pos":[656.8349,329.383972,49.0834236],"rotationMatrix":[-0.828105509,-0.560572028,0,0.560572028,-0.828105509,0,0,0,0.999999881],"scale":1.30163944,"type":"tree_aspen_small_low"}
{"ctxid":1,"pos":[646.632935,329.844604,49.4551353],"rotationMatrix":[0.72128123,0.692642272,0,-0.692642272,0.72128123,0,0,0,0.999999881],"scale":0.94579339,"type":"tree_aspen_small_low"}
{"ctxid":1,"pos":[619.579346,366.886749,49.5475769],"rotationMatrix":[-0.997656941,-0.0684135631,0,0.0684135631,-0.997656941,0,0,0,0.999999881],"scale":1.39620805,"type":"tree_aspen_small_low"}
{"ctxid":1,"pos":[635.535583,321.987427,50.0860252],"rotationMatrix":[0.257801563,0.966197908,0,-0.966197908,0.257801563,0,0,0,0.999999881],"scale":1.40700436,"type":"tree_aspen_small_low"}
{"ctxid":1,"pos":[618.510864,313.769897,49.2553864],"rotationMatrix":[0.958567798,-0.284864277,0,0.284864277,0.958567798,0,0,0,0.999999881],"scale":0.944260478,"type":"tree_aspen_small_low"}
{"ctxid":1,"pos":[631.348206,307.673798,48.5313416],"rotationMatrix":[0.276158899,-0.961111963,0,0.961111963,0.276158899,0,0,0,0.999999881],"scale":1.03997064,"type":"tree_aspen_small_low"}
{"ctxid":1,"pos":[673.719727,369.486176,50.5699425],"rotationMatrix":[-0.752892673,-0.658143163,0,0.658143163,-0.752892673,0,0,0,0.999999881],"scale":1.16295362,"type":"tree_aspen_small_low"}
{"ctxid":1,"pos":[679.737549,369.900726,52.3576012],"rotationMatrix":[0.94788003,0.318627357,0,-0.318627357,0.94788003,0,0,0,0.999999881],"scale":1.14273715,"type":"tree_aspen_small_low"}
{"ctxid":1,"pos":[692.735229,356.768646,54.012867],"rotationMatrix":[0.280888826,0.959740341,0,-0.959740341,0.280888826,0,0,0,0.999999881],"scale":1.20474935,"type":"tree_aspen_small_low"}
{"ctxid":1,"pos":[691.051208,360.772644,54.1096954],"rotationMatrix":[0.81253469,-0.582912624,0,0.582912624,0.81253469,0,0,0,0.999999881],"scale":1.18599963,"type":"tree_aspen_small_low"}
{"ctxid":1,"pos":[695.372986,363.641968,54.604538],"rotationMatrix":[-0.246897399,-0.969041586,0,0.969041586,-0.246897399,0,0,0,0.999999881],"scale":1.25215733,"type":"tree_aspen_small_low"}
{"ctxid":1,"pos":[674.619751,351.633087,51.2060928],"rotationMatrix":[-0.944980681,0.327125728,0,-0.327125728,-0.944980681,0,0,0,0.999999881],"scale":1.0742569,"type":"tree_aspen_small_low"}
{"ctxid":1,"pos":[701.127441,363.223297,55.1395912],"rotationMatrix":[0.964060187,0.265683711,0,-0.265683711,0.964060187,0,0,0,0.999999881],"scale":1.03105223,"type":"tree_aspen_small_low"}
{"ctxid":1,"pos":[705.535339,363.49054,55.8941078],"rotationMatrix":[0.812911689,0.582386911,0,-0.582386911,0.812911689,0,0,0,0.999999881],"scale":1.16784596,"type":"tree_aspen_small_low"}
{"ctxid":1,"pos":[707.399048,374.952484,56.1535072],"rotationMatrix":[0.45289728,0.8915627,0,-0.8915627,0.45289728,0,0,0,0.999999881],"scale":0.963754296,"type":"tree_aspen_small_low"}
{"ctxid":1,"pos":[668.053223,358.197144,49.9272919],"rotationMatrix":[0.683103144,0.730321884,0,-0.730321884,0.683103144,0,0,0,0.999999881],"scale":1.43008375,"type":"tree_aspen_small_low"}
{"ctxid":1,"pos":[689.124756,347.220734,52.7147675],"rotationMatrix":[0.991433203,0.130614147,0,-0.130614147,0.991433203,0,0,0,0.999999881],"scale":1.2158637,"type":"tree_aspen_small_low"}
{"ctxid":1,"pos":[691.153198,354.335083,54.0206299],"rotationMatrix":[0.216815606,-0.976212502,0,0.976212502,0.216815606,0,0,0,0.999999881],"scale":1.06890702,"type":"tree_aspen_small_low"}
{"ctxid":1,"pos":[713.822205,342.937897,57.514389],"rotationMatrix":[0.630454481,0.776226223,0,-0.776226223,0.630454481,0,0,0,0.999999881],"scale":1.33233905,"type":"tree_aspen_small_low"}
{"ctxid":1,"pos":[705.807068,350.029877,55.6157265],"rotationMatrix":[-0.825781763,0.563989699,0,-0.563989699,-0.825781763,0,0,0,0.999999881],"scale":1.15635192,"type":"tree_aspen_small_low"}
{"ctxid":1,"pos":[704.721741,369.272827,55.7144356],"rotationMatrix":[0.107998721,0.994150937,0,-0.994150937,0.107998721,0,0,0,0.999999881],"scale":1.46575534,"type":"tree_aspen_small_low"}
{"ctxid":1,"pos":[703.964294,380.87616,55.3567429],"rotationMatrix":[-0.444712192,0.895673394,0,-0.895673394,-0.444712192,0,0,0,0.999999881],"scale":1.39425516,"type":"tree_aspen_small_low"}
{"ctxid":1,"pos":[746.247681,346.012421,63.5978699],"rotationMatrix":[0.948536217,-0.31666854,0,0.31666854,0.948536217,0,0,0,0.999999881],"scale":1.46161962,"type":"tree_aspen_small_low"}
{"ctxid":1,"pos":[737.841553,352.948517,62.7560654],"rotationMatrix":[0.0744175389,-0.997227132,0,0.997227132,0.0744175389,0,0,0,0.999999881],"scale":1.37002552,"type":"tree_aspen_small_low"}
{"ctxid":1,"pos":[718.297119,342.264069,58.3153114],"rotationMatrix":[-0.930241525,0.366947591,0,-0.366947591,-0.930241525,0,0,0,0.999999881],"scale":1.14909554,"type":"tree_aspen_small_low"}
{"ctxid":1,"pos":[721.078735,347.547241,59.005394],"rotationMatrix":[-0.98829931,-0.152526304,0,0.152526304,-0.98829931,0,0,0,0.999999881],"scale":0.957251072,"type":"tree_aspen_small_low"}
{"ctxid":1,"pos":[666.859009,318.884949,49.6001854],"rotationMatrix":[-0.517742157,0.85553658,0,-0.85553658,-0.517742157,0,0,0,0.999999881],"scale":1.38441527,"type":"tree_aspen_small_low"}
{"ctxid":1,"pos":[668.545959,328.976105,49.4103088],"rotationMatrix":[-0.578709781,-0.815533519,0,0.815533519,-0.578709781,0,0,0,0.999999881],"scale":1.23813057,"type":"tree_aspen_small_low"}
{"ctxid":1,"pos":[671.887451,312.360535,50.3008919],"rotationMatrix":[0.940029085,-0.341094077,0,0.341094077,0.940029085,0,0,0,0.999999881],"scale":1.18860066,"type":"tree_aspen_small_low"}
{"ctxid":1,"pos":[677.215637,305.582123,49.6899796],"rotationMatrix":[-0.713222682,0.700937212,0,-0.700937212,-0.713222682,0,0,0,0.999999881],"scale":1.38984215,"type":"tree_aspen_small_low"}
{"ctxid":1,"pos":[663.059875,324.630737,49.2891159],"rotationMatrix":[0.903749526,-0.428061545,0,0.428061545,0.903749526,0,0,0,0.999999881],"scale":1.08079934,"type":"tree_aspen_small_low"}
{"ctxid":1,"pos":[674.970947,329.204681,50.510128],"rotationMatrix":[-0.587371647,-0.809317172,0,0.809317172,-0.587371647,0,0,0,0.999999881],"scale":1.15779066,"type":"tree_aspen_small_low"}
{"ctxid":1,"pos":[658.742249,321.352051,49.3449593],"rotationMatrix":[-0.859619856,0.510933876,0,-0.510933876,-0.859619856,0,0,0,0.999999881],"scale":0.927506745,"type":"tree_aspen_small_low"}
{"ctxid":1,"pos":[689.515686,286.075348,51.7571487],"rotationMatrix":[-0.99246335,0.12254101,0,-0.12254101,-0.99246335,0,0,0,0.999999881],"scale":1.09487748,"type":"tree_aspen_small_low"}
{"ctxid":1,"pos":[667.351868,266.228058,49.1393661],"rotationMatrix":[0.968087256,-0.250612795,0,0.250612795,0.968087256,0,0,0,0.999999881],"scale":1.24744821,"type":"tree_aspen_small_low"}
{"ctxid":1,"pos":[637.61084,350.946198,50.1667023],"rotationMatrix":[-0.883825958,-0.467815876,0,0.467815876,-0.883825958,0,0,0,0.999999881],"scale":1.31112766,"type":"tree_aspen_small_low"}
{"ctxid":1,"pos":[640.872864,351.214966,49.8484802],"rotationMatrix":[0.324404418,0.9459185,0,-0.9459185,0.324404418,0,0,0,0.999999881],"scale":0.986172974,"type":"tree_aspen_small_low"}
{"ctxid":1,"pos":[651.290833,324.00705,49.2648354],"rotationMatrix":[0.854231417,0.519892871,0,-0.519892871,0.854231417,0,0,0,0.999999881],"scale":1.36735249,"type":"tree_aspen_small_low"}
{"ctxid":1,"pos":[166.019394,-572.49408,39.5319824],"rotationMatrix":[0.718648195,-0.695373714,0,0.695373714,0.718648195,0,0,0,0.999999881],"scale":1.48628342,"type":"tree_aspen_small_low"}
