{"ctxid":0,"pos":[-11.8451004,-359.074005,48.3294983],"rotationMatrix":[0.335987091,0.941856563,0,-0.941856563,0.335987091,0,0,0,1],"scale":1.26670003,"type":"tree_aspen_large_b"}
{"ctxid":0,"pos":[-68.2394028,-315.096008,41.5037994],"rotationMatrix":[0.32882303,-0.944374859,0,0.944374859,0.32882303,0,0,0,1],"scale":1.18729997,"type":"tree_aspen_large_b"}
{"ctxid":0,"pos":[-177.983002,-266.118988,38.3684998],"rotationMatrix":[-0.457265973,-0.889280498,0,0.889280498,-0.457265973,0,0,0,1],"scale":1.0438,"type":"tree_aspen_large_b"}
{"ctxid":0,"pos":[-645.447021,-35.7369003,21.1301003],"rotationMatrix":[-0.604556918,-0.796456397,0,0.796456397,-0.604556918,0,0,0,1],"scale":1.02869999,"type":"tree_aspen_large_b"}
{"ctxid":0,"pos":[-639.961975,-36.6461983,19.7980003],"rotationMatrix":[0.991288006,-0.131709605,0,0.131709605,0.991288006,0,0,0,1],"scale":1.15690005,"type":"tree_aspen_large_b"}
{"ctxid":0,"pos":[-804.463013,-189.085999,22.0351009],"rotationMatrix":[0.427763939,0.90387404,0,-0.90387404,0.427763939,0,0,0,1],"scale":1.01400006,"type":"tree_aspen_large_b"}
{"ctxid":0,"pos":[-814.400024,-185.315002,22.6609001],"rotationMatrix":[0.998627126,0.0523842797,0,-0.0523842797,0.998627126,0,0,0,1],"scale":0.993499994,"type":"tree_aspen_large_b"}
{"ctxid":0,"pos":[-976.955017,-203.690994,54.4608994],"rotationMatrix":[0.366287172,0.930473685,0,-0.930473685,0.366287172,0,0,0,1],"scale":1.43789995,"type":"tree_aspen_large_b"}
{"ctxid":0,"pos":[-961.138,-207.410995,53.7714996],"rotationMatrix":[-0.997200966,0.0731487647,0,-0.0731487647,-0.997200966,0,0,0,1],"scale":1.01950002,"type":"tree_aspen_large_b"}
{"ctxid":0,"pos":[-816.989014,-324.239014,24.9923],"rotationMatrix":[-0.72794044,0.685599208,0,-0.685599208,-0.72794044,0,0,0,1],"scale":1.15030003,"type":"tree_aspen_large_b"}
{"ctxid":0,"pos":[-972.564026,-347.023987,52.3092003],"rotationMatrix":[-0.273288846,-0.961948276,0,0.961948276,-0.273288846,0,0,0,1],"scale":1.03760004,"type":"tree_aspen_large_b"}
{"ctxid":0,"pos":[-587.705994,-500.764008,32.5313988],"rotationMatrix":[-0.170144081,-0.985344231,0,0.985344231,-0.170144081,0,0,0,1],"scale":0.92839998,"type":"tree_aspen_large_b"}
{"ctxid":0,"pos":[-573.870972,-562.452026,29.3080006],"rotationMatrix":[0.905039191,0.425340801,0,-0.425340801,0.905039191,0,0,0,1],"scale":1.19099998,"type":"tree_aspen_large_b"}
{"ctxid":0,"pos":[-711.046021,-607.017029,17.8530006],"rotationMatrix":[-0.817561746,-0.575793147,0,0.575793147,-0.817561746,0,0,0,1],"scale":1.43980002,"type":"tree_aspen_large_b"}
{"ctxid":0,"pos":[-830.940979,-543.758972,17.8834],"rotationMatrix":[-0.188882113,-0.981945634,0,0.981945634,-0.188882113,0,0,0,1],"scale":1.19819999,"type":"tree_aspen_large_b"}
{"ctxid":0,"pos":[-398.527008,826.737976,24.8176003],"rotationMatrix":[0.707693458,-0.706490397,0,0.706490397,0.707693458,0,0,0,1],"scale":1.38409996,"type":"tree_aspen_large_b"}
{"ctxid":0,"pos":[-421.592987,820.474976,25.7570992],"rotationMatrix":[0.823819518,-0.566828609,0,0.566828609,0.823819518,0,0,0,1],"scale":1.33379996,"type":"tree_aspen_large_b"}
{"ctxid":0,"pos":[-419.502014,808.231995,27.1422997],"rotationMatrix":[-0.594540834,-0.804145753,0,0.804145753,-0.594540834,0,0,0,1],"scale":0.948400021,"type":"tree_aspen_large_b"}
{"ctxid":0,"pos":[-115.556541,49.9721375,43.4151993],"rotationMatrix":[-0.991608858,0.129527435,0,-0.129527435,-0.991608858,0,0,0,1],"scale":1.28320003,"type":"tree_aspen_large_b"}
{"ctxid":0,"pos":[-334.946014,183.423996,56.1804008],"rotationMatrix":[-0.981244206,-0.192889139,0,0.192889139,-0.981244206,0,0,0,1],"scale":0.9278,"type":"tree_aspen_large_b"}
{"ctxid":0,"pos":[-405.891998,58.8499985,35.2420998],"rotationMatrix":[-0.991608858,0.127930775,0,-0.127930775,-0.991608858,0,0,0,1],"scale":0.996299982,"type":"tree_aspen_large_b"}
{"ctxid":0,"pos":[-419.825012,53.4906006,34.7657013],"rotationMatrix":[-0.384115219,0.923242629,0,-0.923242629,-0.384115219,0,0,0,1],"scale":1.19050002,"type":"tree_aspen_large_b"}
{"ctxid":0,"pos":[-615.767029,747.122986,33.5699997],"rotationMatrix":[0.916686356,-0.399586976,0,0.399586976,0.916686356,0,0,0,1],"scale":1.11790001,"type":"tree_aspen_large_b"}
{"ctxid":0,"pos":[-667.598022,567.280029,25.8216991],"rotationMatrix":[0.975623667,0.219453111,0,-0.219453111,0.975623667,0,0,0,1],"scale":1.17250001,"type":"tree_aspen_large_b"}
{"ctxid":0,"pos":[-665.349976,565.810974,25.4787006],"rotationMatrix":[-0.452830553,-0.891676307,0,0.891676307,-0.452830553,0,0,0,1],"scale":1.13300002,"type":"tree_aspen_large_b"}
{"ctxid":0,"pos":[319.972992,-149.845993,48.2066002],"rotationMatrix":[-0.479200006,-0.877716005,0,0.877716005,-0.479200006,0,0,0,1],"scale":1.14760005,"type":"tree_aspen_large_b"}
{"ctxid":0,"pos":[323.70401,-150.395004,47.9875984],"rotationMatrix":[0.780215502,-0.625540495,0,0.625540495,0.780215502,0,0,0,1],"scale":0.930800021,"type":"tree_aspen_large_b"}
{"ctxid":0,"pos":[331.381989,-146.307999,47.5416985],"rotationMatrix":[0.120596766,0.992660701,0,-0.992660701,0.120596766,0,0,0,1],"scale":1.29489994,"type":"tree_aspen_large_b"}
{"ctxid":0,"pos":[15.9415998,-206.145996,42.6786995],"rotationMatrix":[0.774476767,0.632580042,0,-0.632580042,0.774476767,0,0,0,1],"scale":0.937300026,"type":"tree_aspen_large_b"}
{"ctxid":0,"pos":[11.6184998,-197.003998,42.6319008],"rotationMatrix":[0.998375475,0.0569772013,0,-0.0569772013,0.998375475,0,0,0,1],"scale":1.24389994,"type":"tree_aspen_large_b"}
{"ctxid":0,"pos":[28.7682991,-195.427002,41.7279015],"rotationMatrix":[-0.792481661,-0.609674752,0,0.609674752,-0.792481661,0,0,0,1],"scale":1.38170004,"type":"tree_aspen_large_b"}
{"ctxid":0,"pos":[32.5681992,-201.270996,41.8560982],"rotationMatrix":[-0.616401911,0.787523985,0,-0.787523985,-0.616401911,0,0,0,1],"scale":1.37,"type":"tree_aspen_large_b"}
{"ctxid":0,"pos":[39.2830009,-213.580002,40.0502014],"rotationMatrix":[0.284552753,0.958634675,0,-0.958634675,0.284552753,0,0,0,1],"scale":1.46319997,"type":"tree_aspen_large_b"}
{"ctxid":0,"pos":[64.6948853,-432.483398,48.3581009],"rotationMatrix":[0.198115528,-0.980193555,0,0.980193555,0.198115528,0,0,0,1],"scale":1.08729994,"type":"tree_aspen_large_b"}
{"ctxid":0,"pos":[60.0332985,-428.04599,48.2521019],"rotationMatrix":[-0.985625863,-0.168590888,0,0.168590888,-0.985625863,0,0,0,1],"scale":1.18879998,"type":"tree_aspen_large_b"}
{"ctxid":0,"pos":[38.6827011,-402.960999,48.587101],"rotationMatrix":[-0.773221254,-0.634073436,0,0.634073436,-0.773221254,0,0,0,1],"scale":1.09510005,"type":"tree_aspen_large_b"}
{"ctxid":0,"pos":[267.57901,-849.789978,47.5807991],"rotationMatrix":[-0.495758057,-0.868432105,0,0.868432105,-0.495758057,0,0,0,1],"scale":1.25259995,"type":"tree_aspen_large_b"}
{"ctxid":0,"pos":[175.537003,-618.903992,38.1808014],"rotationMatrix":[-0.996801257,-0.0775379241,0,0.0775379241,-0.996801257,0,0,0,1],"scale":1.35469997,"type":"tree_aspen_large_b"}
{"ctxid":0,"pos":[9.91670036,-775.383972,17.9223003],"rotationMatrix":[0.999951959,0.00980000012,0,-0.00980000012,0.999951959,0,0,0,1],"scale":1.05449998,"type":"tree_aspen_large_b"}
{"ctxid":0,"pos":[772.278992,133.488998,57.983799],"rotationMatrix":[0.504987478,-0.863162518,0,0.863162518,0.504987478,0,0,0,1],"scale":1.44260001,"type":"tree_aspen_large_b"}
{"ctxid":0,"pos":[776.19397,141.824005,59.3322983],"rotationMatrix":[-0.282881618,-0.959157825,0,0.959157825,-0.282881618,0,0,0,1],"scale":1.02260005,"type":"tree_aspen_large_b"}
{"ctxid":0,"pos":[760.632996,127.842003,55.6451988],"rotationMatrix":[0.00792306662,0.999965131,0,-0.999965131,0.00792306662,0,0,0,1],"scale":1.24150002,"type":"tree_aspen_large_b"}
{"ctxid":0,"pos":[765.174988,117.834,56.1964989],"rotationMatrix":[0.3146137,-0.949284613,0,0.949284613,0.3146137,0,0,0,1],"scale":1.27939999,"type":"tree_aspen_large_b"}
{"ctxid":0,"pos":[748.679016,131.695999,55.1422005],"rotationMatrix":[-0.969715476,0.244328871,0,-0.244328871,-0.969715476,0,0,0,1],"scale":1.37539995,"type":"tree_aspen_large_b"}
{"ctxid":0,"pos":[749.182983,137.901001,55.0205002],"rotationMatrix":[0.61139071,-0.791324198,0,0.791324198,0.61139071,0,0,0,1],"scale":1.0934,"type":"tree_aspen_large_b"}
{"ctxid":0,"pos":[458.407013,937.547974,53.8443985],"rotationMatrix":[0.525272369,0.850943506,0,-0.850943506,0.525272369,0,0,0,1],"scale":1.30180001,"type":"tree_aspen_large_b"}
{"ctxid":0,"pos":[491.675995,944.197021,55.3805008],"rotationMatrix":[0.0400563478,0.999156117,0,-0.999156117,0.0400563478,0,0,0,1],"scale":0.986000001,"type":"tree_aspen_large_b"}
{"ctxid":0,"pos":[491.990997,936.129028,55.843399],"rotationMatrix":[0.924183846,0.381962448,0,-0.381962448,0.924183846,0,0,0,1],"scale":1.30439997,"type":"tree_aspen_large_b"}
{"ctxid":0,"pos":[250.813995,953.791016,45.3473015],"rotationMatrix":[0.0339500308,-0.999409974,0,0.999409974,0.0339500308,0,0,0,1],"scale":1.28799999,"type":"tree_aspen_large_b"}
{"ctxid":0,"pos":[233.973007,963.146973,41.6892014],"rotationMatrix":[0.841628075,-0.540062845,0,0.540062845,0.841628075,0,0,0,1],"scale":1.10950005,"type":"tree_aspen_large_b"}
{"ctxid":0,"pos":[227.729996,962.625977,42.1066017],"rotationMatrix":[-0.78756237,0.616022646,0,-0.616022646,-0.78756237,0,0,0,1],"scale":1.20669997,"type":"tree_aspen_large_b"}
{"ctxid":0,"pos":[228.201996,968.846985,41.5346985],"rotationMatrix":[-0.733521938,0.679630041,0,-0.679630041,-0.733521938,0,0,0,1],"scale":1.06959999,"type":"tree_aspen_large_b"}
{"ctxid":0,"pos":[195.889999,961.185974,41.0014992],"rotationMatrix":[-0.027031064,0.999656975,0,-0.999656975,-0.027031064,0,0,0,1],"scale":1.43470001,"type":"tree_aspen_large_b"}
{"ctxid":0,"pos":[198.438995,969.570984,42.031601],"rotationMatrix":[-0.382784486,-0.923796415,0,0.923796415,-0.382784486,0,0,0,1],"scale":1.47529995,"type":"tree_aspen_large_b"}
{"ctxid":0,"pos":[162.615005,963.375,38.6487007],"rotationMatrix":[-0.896962523,-0.441761047,0,0.441761047,-0.896962523,0,0,0,1],"scale":1.38010001,"type":"tree_aspen_large_b"}
{"ctxid":0,"pos":[143.542007,958.010986,37.5531998],"rotationMatrix":[-0.70496583,0.709463775,0,-0.709463775,-0.70496583,0,0,0,1],"scale":1.18289995,"type":"tree_aspen_large_b"}
{"ctxid":0,"pos":[130.100006,962.966003,36.1450005],"rotationMatrix":[-0.895015121,0.446401238,0,-0.446401238,-0.895015121,0,0,0,1],"scale":1.20039999,"type":"tree_aspen_large_b"}
{"ctxid":0,"pos":[130.136993,953.922974,35.2858009],"rotationMatrix":[0.651220441,-0.758862734,0,0.758862734,0.651220441,0,0,0,1],"scale":1.30069995,"type":"tree_aspen_large_b"}
{"ctxid":0,"pos":[182.867004,970.888977,42.1766014],"rotationMatrix":[-0.584199905,-0.811502039,0,0.811502039,-0.584199905,0,0,0,1],"scale":1.16779995,"type":"tree_aspen_large_b"}
{"ctxid":0,"pos":[174.158005,969.664978,41.0983009],"rotationMatrix":[-0.92040801,-0.390980095,0,0.390980095,-0.92040801,0,0,0,1],"scale":1.40260005,"type":"tree_aspen_large_b"}
{"ctxid":0,"pos":[103.829002,969.146973,37.0323982],"rotationMatrix":[0.998187959,-0.060169898,0,0.060169898,0.998187959,0,0,0,1],"scale":1.02199996,"type":"tree_aspen_large_b"}
{"ctxid":0,"pos":[101.463997,960.882996,36.2408981],"rotationMatrix":[-0.573183298,0.819495618,0,-0.819495618,-0.573183298,0,0,0,1],"scale":1.40450001,"type":"tree_aspen_large_b"}
{"ctxid":0,"pos":[51.0890007,965.307007,40.9947014],"rotationMatrix":[0.8026824,-0.596413076,0,0.596413076,0.8026824,0,0,0,1],"scale":1.49030006,"type":"tree_aspen_large_b"}
{"ctxid":0,"pos":[16.7982998,935.786987,38.543499],"rotationMatrix":[0.962899148,-0.269866675,0,0.269866675,0.962899148,0,0,0,1],"scale":1.19219995,"type":"tree_aspen_large_b"}
{"ctxid":0,"pos":[232.444,378.247986,50.2256012],"rotationMatrix":[-0.259284496,-0.965848267,0,0.965848267,-0.259284496,0,0,0,1],"scale":1.14180005,"type":"tree_aspen_large_b"}
{"ctxid":0,"pos":[225.115997,130.442001,49.9266014],"rotationMatrix":[-0.880636096,-0.473989338,0,0.473989338,-0.880636096,0,0,0,1],"scale":1.31130004,"type":"tree_aspen_large_b"}
{"ctxid":0,"pos":[212.113998,156.123993,48.2946014],"rotationMatrix":[0.647703826,0.761923373,0,-0.761923373,0.647703826,0,0,0,1],"scale":1.37520003,"type":"tree_aspen_large_b"}
{"ctxid":0,"pos":[207.147995,142.339005,48.4070015],"rotationMatrix":[-0.245041966,0.969523191,0,-0.969523191,-0.245041966,0,0,0,1],"scale":1.40380001,"type":"tree_aspen_large_b"}
{"ctxid":0,"pos":[202.796005,149.671997,48.7196007],"rotationMatrix":[-0.511365056,-0.85939002,0,0.85939002,-0.511365056,0,0,0,1],"scale":1.31939995,"type":"tree_aspen_large_b"}
{"ctxid":0,"pos":[83.9562988,29.1406994,90.5063019],"rotationMatrix":[-0.305404902,0.952190936,0,-0.952190936,-0.305404902,0,0,0,1],"scale":0.961499989,"type":"tree_aspen_large_b"}
{"ctxid":0,"pos":[-5.65568924,-386.962372,47.731411],"rotationMatrix":[-0.777852595,0.628446758,0,-0.628446758,-0.777852595,0,0,0,1],"scale":1.07159853,"type":"tree_aspen_large_b"}
{"ctxid":0,"pos":[-6.49997711,-408.89801,52.2404289],"rotationMatrix":[-0.98052299,0.196404472,0,-0.196404472,-0.98052299,0,0,0,1],"scale":0.981177568,"type":"tree_aspen_large_b"}
{"ctxid":0,"pos":[-24.7106075,-410.983185,55.5870628],"rotationMatrix":[-0.739915729,0.672699571,0,-0.672699571,-0.739915729,0,0,0,1],"scale":1.0336169,"type":"tree_aspen_large_b"}
{"ctxid":0,"pos":[-31.755497,-410.417389,57.0800133],"rotationMatrix":[0.346577555,-0.938021302,0,0.938021302,0.346577555,0,0,0,1],"scale":1.41314435,"type":"tree_aspen_large_b"}
{"ctxid":0,"pos":[-3.49547005,-400.91629,50.0556793],"rotationMatrix":[0.146104962,0.989269078,0,-0.989269078,0.146104962,0,0,0,1],"scale":1.33082414,"type":"tree_aspen_large_b"}
{"ctxid":0,"pos":[-25.7017879,-414.526337,55.5659676],"rotationMatrix":[-0.937973797,0.346706152,0,-0.346706152,-0.937973797,0,0,0,1],"scale":1.04793775,"type":"tree_aspen_large_b"}
{"ctxid":0,"pos":[-27.9073105,-387.269043,51.3451042],"rotationMatrix":[0.23429063,0.972166598,0,-0.972166598,0.23429063,0,0,0,1],"scale":1.18068743,"type":"tree_aspen_large_b"}
{"ctxid":0,"pos":[-4.8603096,-428.37207,55.2977943],"rotationMatrix":[0.987612903,0.156910017,0,-0.156910017,0.987612903,0,0,0,1],"scale":1.24544454,"type":"tree_aspen_large_b"}
{"ctxid":0,"pos":[-32.2346497,-400.884369,55.7028275],"rotationMatrix":[0.434365869,0.900736511,0,-0.900736511,0.434365869,0,0,0,1],"scale":0.923883677,"type":"tree_aspen_large_b"}
{"ctxid":0,"pos":[-19.2598953,-398.168854,51.9792747],"rotationMatrix":[0.304170221,0.952617705,0,-0.952617705,0.304170221,0,0,0,1],"scale":1.28211641,"type":"tree_aspen_large_b"}
{"ctxid":0,"pos":[-13.413168,-431.881927,55.848053],"rotationMatrix":[0.477440447,-0.878664136,0,0.878664136,0.477440447,0,0,0,1],"scale":1.00490391,"type":"tree_aspen_large_b"}
{"ctxid":0,"pos":[-3.68686295,-421.877869,54.8479805],"rotationMatrix":[-0.010162103,-0.999948382,0,0.999948382,-0.010162103,0,0,0,1],"scale":1.07354677,"type":"tree_aspen_large_b"}
{"ctxid":0,"pos":[-7.0591383,-420.85498,54.5920029],"rotationMatrix":[-0.240777045,-0.970580459,0,0.970580459,-0.240777045,0,0,0,1],"scale":0.987925529,"type":"tree_aspen_large_b"}
{"ctxid":0,"pos":[-554.307251,767.765259,26.6590633],"rotationMatrix":[0.886056006,0.463578165,0,-0.463578165,0.886056006,0,0,0,1],"scale":1.01680517,"type":"tree_aspen_large_b"}
{"ctxid":0,"pos":[-552.570496,788.522522,26.3559589],"rotationMatrix":[-0.667255998,0.744828463,0,-0.744828463,-0.667255998,0,0,0,1],"scale":1.44919586,"type":"tree_aspen_large_b"}
{"ctxid":0,"pos":[-572.675293,815.7547,27.8494682],"rotationMatrix":[-0.790924549,-0.611913741,0,0.611913741,-0.790924549,0,0,0,1],"scale":1.33844435,"type":"tree_aspen_large_b"}
{"ctxid":0,"pos":[-533.995544,819.700562,27.1832714],"rotationMatrix":[0.295242518,0.955422342,0,-0.955422342,0.295242518,0,0,0,1],"scale":1.4682734,"type":"tree_aspen_large_b"}
{"ctxid":0,"pos":[-60.3028259,-798.036438,14.2854757],"rotationMatrix":[-0.38528344,0.922798276,0,-0.922798276,-0.38528344,0,0,0,1],"scale":1.41490352,"type":"tree_aspen_large_b"}
{"ctxid":0,"pos":[422.241943,-13.6940022,36.3561401],"rotationMatrix":[-0.843733907,-0.508074462,-0.173131585,0.513964772,-0.85772258,0.0123465508,-0.15477185,-0.0785663426,0.984821498],"scale":1.25018227,"type":"tree_aspen_large_b"}
{"ctxid":0,"pos":[702.303406,-302.309082,55.3175278],"rotationMatrix":[-0.998765171,-0.0496799536,0,0.0496799536,-0.998765171,0,0,0,1],"scale":1.21912289,"type":"tree_aspen_large_b"}
{"ctxid":0,"pos":[505.636627,-4.86365557,52.5545082],"rotationMatrix":[-0.4684228,-0.883504331,0,0.883504331,-0.4684228,0,0,0,1],"scale":1.35041046,"type":"tree_aspen_large_b"}
{"ctxid":0,"pos":[704.95105,-119.269066,52.2248001],"rotationMatrix":[-0.968615949,-0.248562202,0,0.248562202,-0.968615949,0,0,0,1],"scale":1.24382448,"type":"tree_aspen_large_b"}
{"ctxid":1,"pos":[943.954834,-653.719849,41.8787193],"rotationMatrix":[1,0,0,0,1,0,0,0,1],"scale":1,"type":"tree_aspen_large_b"}
{"ctxid":1,"pos":[946.82019,-652.84198,41.8031883],"rotationMatrix":[1,0,0,0,1,0,0,0,1],"scale":1,"type":"tree_aspen_large_b"}
{"ctxid":1,"pos":[954.367432,-655.407288,47.9484711],"rotationMatrix":[1,0,0,0,1,0,0,0,1],"scale":1,"type":"tree_aspen_large_b"}
{"ctxid":1,"pos":[953.374023,-655.834229,47.8709717],"rotationMatrix":[1,0,0,0,1,0,0,0,1],"scale":1,"type":"tree_aspen_large_b"}
{"ctxid":1,"pos":[918.96521,-644.694031,41.922081],"rotationMatrix":[1,0,0,0,1,0,0,0,1],"scale":1,"type":"tree_aspen_large_b"}
{"ctxid":1,"pos":[561.916321,891.562622,73.7164307],"rotationMatrix":[1,0,0,0,1,0,0,0,1],"scale":1,"type":"tree_aspen_large_b"}
{"ctxid":1,"pos":[557.584229,896.911133,73.67379],"rotationMatrix":[1,0,0,0,1,0,0,0,1],"scale":1,"type":"tree_aspen_large_b"}
{"ctxid":1,"pos":[560.670837,897.142761,73.716423],"rotationMatrix":[1,0,0,0,1,0,0,0,1],"scale":1,"type":"tree_aspen_large_b"}
{"ctxid":1,"pos":[556.255432,904.069458,73.613884],"rotationMatrix":[1,0,0,0,1,0,0,0,1],"scale":1,"type":"tree_aspen_large_b"}
{"ctxid":1,"pos":[558.396545,906.448669,73.6541748],"rotationMatrix":[1,0,0,0,1,0,0,0,1],"scale":1,"type":"tree_aspen_large_b"}
{"ctxid":1,"pos":[638.64679,329.478729,50.2777519],"rotationMatrix":[-0.880134881,-0.474723428,0,0.474723428,-0.880134881,0,0,0,0.999999881],"scale":1.28403854,"type":"tree_aspen_large_b"}
{"ctxid":1,"pos":[641.244751,332.79834,50.0205078],"rotationMatrix":[0.210405812,0.977614105,0,-0.977614105,0.210405812,0,0,0,0.999999881],"scale":1.21032393,"type":"tree_aspen_large_b"}
{"ctxid":1,"pos":[654.242798,331.438507,48.8002434],"rotationMatrix":[0.175506607,-0.984478176,0,0.984478176,0.175506607,0,0,0,0.999999881],"scale":1.35504031,"type":"tree_aspen_large_b"}
{"ctxid":1,"pos":[659.084106,328.805389,48.5202293],"rotationMatrix":[-0.963392615,-0.268094093,0,0.268094093,-0.963392615,0,0,0,0.999999881],"scale":1.32565987,"type":"tree_aspen_large_b"}
{"ctxid":1,"pos":[664.53656,312.155823,49.472084],"rotationMatrix":[0.901177406,-0.433450192,0,0.433450192,0.901177406,0,0,0,0.999999881],"scale":1.36836481,"type":"tree_aspen_large_b"}
{"ctxid":1,"pos":[633.312988,326.008606,49.7529144],"rotationMatrix":[-0.979465604,0.201610878,0,-0.201610878,-0.979465604,0,0,0,0.999999881],"scale":1.49622309,"type":"tree_aspen_large_b"}
{"ctxid":1,"pos":[637.466003,337.337738,50.0775986],"rotationMatrix":[0.423984766,0.905669332,0,-0.905669332,0.423984766,0,0,0,0.999999881],"scale":1.38328898,"type":"tree_aspen_large_b"}
{"ctxid":1,"pos":[633.931152,356.456879,49.499527],"rotationMatrix":[-0.836063087,0.548633158,0,-0.548633158,-0.836063087,0,0,0,0.999999881],"scale":1.33520937,"type":"tree_aspen_large_b"}
{"ctxid":1,"pos":[616.739441,354.7005,49.6086349],"rotationMatrix":[0.901845038,-0.432059258,0,0.432059258,0.901845038,0,0,0,0.999999881],"scale":1.21590114,"type":"tree_aspen_large_b"}
{"ctxid":1,"pos":[637.622559,357.321228,49.4760971],"rotationMatrix":[-0.835975468,-0.548766792,0,0.548766792,-0.835975468,0,0,0,0.999999881],"scale":1.28385687,"type":"tree_aspen_large_b"}
{"ctxid":1,"pos":[614.259277,342.116028,49.2113571],"rotationMatrix":[0.987574935,-0.157148272,0,0.157148272,0.987574935,0,0,0,0.999999881],"scale":1.41355336,"type":"tree_aspen_large_b"}
{"ctxid":1,"pos":[620.337036,324.941315,49.2472649],"rotationMatrix":[0.964351118,-0.264625788,0,0.264625788,0.964351118,0,0,0,0.999999881],"scale":1.478845,"type":"tree_aspen_large_b"}
{"ctxid":1,"pos":[626.271484,329.347046,50.0177727],"rotationMatrix":[-0.339702308,-0.940532982,0,0.940532982,-0.339702308,0,0,0,0.999999881],"scale":1.28099108,"type":"tree_aspen_large_b"}
{"ctxid":1,"pos":[639.662476,305.348602,48.1708641],"rotationMatrix":[0.99987179,0.016008947,0,-0.016008947,0.99987179,0,0,0,0.999999881],"scale":1.22006249,"type":"tree_aspen_large_b"}
{"ctxid":1,"pos":[636.704041,303.950043,49.1617317],"rotationMatrix":[-0.312832415,0.94980818,0,-0.94980818,-0.312832415,0,0,0,0.999999881],"scale":1.44486415,"type":"tree_aspen_large_b"}
{"ctxid":1,"pos":[639.614502,299.294373,47.7955284],"rotationMatrix":[0.277296185,-0.960784376,0,0.960784376,0.277296185,0,0,0,0.999999881],"scale":1.30416965,"type":"tree_aspen_large_b"}
{"ctxid":1,"pos":[635.959412,315.814301,49.6684418],"rotationMatrix":[0.99253124,-0.121989645,0,0.121989645,0.99253124,0,0,0,0.999999881],"scale":1.48684525,"type":"tree_aspen_large_b"}
{"ctxid":1,"pos":[675.057678,359.279022,51.338295],"rotationMatrix":[0.934859514,-0.355017573,0,0.355017573,0.934859514,0,0,0,0.999999881],"scale":1.27111804,"type":"tree_aspen_large_b"}
{"ctxid":1,"pos":[666.958679,373.995728,50.6025734],"rotationMatrix":[-0.775543034,-0.631294489,0,0.631294489,-0.775543034,0,0,0,0.999999881],"scale":1.22061968,"type":"tree_aspen_large_b"}
{"ctxid":1,"pos":[654.067749,380.210266,49.3626404],"rotationMatrix":[-0.437196106,0.899366081,0,-0.899366081,-0.437196106,0,0,0,0.999999881],"scale":1.25711584,"type":"tree_aspen_large_b"}
{"ctxid":1,"pos":[671.411194,390.317017,50.7631569],"rotationMatrix":[0.611043632,-0.79159677,0,0.79159677,0.611043632,0,0,0,0.999999881],"scale":1.40555418,"type":"tree_aspen_large_b"}
{"ctxid":1,"pos":[663.267517,382.691345,49.3172417],"rotationMatrix":[0.892909884,0.450235337,0,-0.450235337,0.892909884,0,0,0,0.999999881],"scale":1.47165406,"type":"tree_aspen_large_b"}
{"ctxid":1,"pos":[675.547241,362.386536,51.1167755],"rotationMatrix":[-0.970685661,0.240352079,0,-0.240352079,-0.970685661,0,0,0,0.999999881],"scale":1.4989543,"type":"tree_aspen_large_b"}
{"ctxid":1,"pos":[686.484009,376.440857,53.1811028],"rotationMatrix":[-0.631955028,-0.775005043,0,0.775005043,-0.631955028,0,0,0,0.999999881],"scale":1.30466223,"type":"tree_aspen_large_b"}
{"ctxid":1,"pos":[690.033203,376.77713,53.7897491],"rotationMatrix":[0.186400145,-0.982473791,0,0.982473791,0.186400145,0,0,0,0.999999881],"scale":1.36768913,"type":"tree_aspen_large_b"}
{"ctxid":1,"pos":[679.44043,387.239777,53.2296715],"rotationMatrix":[0.194998637,-0.98080343,0,0.98080343,0.194998637,0,0,0,0.999999881],"scale":1.39957952,"type":"tree_aspen_large_b"}
{"ctxid":1,"pos":[679.712158,375.522675,52.6962051],"rotationMatrix":[-0.718018174,-0.696024358,0,0.696024358,-0.718018174,0,0,0,0.999999881],"scale":1.34833539,"type":"tree_aspen_large_b"}
{"ctxid":1,"pos":[685.798584,364.66687,52.7054138],"rotationMatrix":[0.781804979,0.623522997,0,-0.623522997,0.781804979,0,0,0,0.999999881],"scale":1.40003645,"type":"tree_aspen_large_b"}
{"ctxid":1,"pos":[681.907593,353.024994,51.1696815],"rotationMatrix":[-0.342678964,-0.939452529,0,0.939452529,-0.342678964,0,0,0,0.999999881],"scale":1.37808621,"type":"tree_aspen_large_b"}
{"ctxid":1,"pos":[691.268005,371.24765,54.1882439],"rotationMatrix":[-0.999619842,-0.0275702402,0,0.0275702402,-0.999619842,0,0,0,0.999999881],"scale":1.23206592,"type":"tree_aspen_large_b"}
{"ctxid":1,"pos":[685.492188,384.876038,53.8286095],"rotationMatrix":[-0.981860459,-0.189604968,0,0.189604968,-0.981860459,0,0,0,0.999999881],"scale":1.37166595,"type":"tree_aspen_large_b"}
{"ctxid":1,"pos":[674.912109,371.136963,51.7689209],"rotationMatrix":[0.786454499,-0.617648005,0,0.617648005,0.786454499,0,0,0,0.999999881],"scale":1.38790727,"type":"tree_aspen_large_b"}
{"ctxid":1,"pos":[672.935852,350.270905,50.9110641],"rotationMatrix":[0.368748516,-0.92952913,0,0.92952913,0.368748516,0,0,0,0.999999881],"scale":1.23163307,"type":"tree_aspen_large_b"}
{"ctxid":1,"pos":[696.475586,353.878387,54.7202759],"rotationMatrix":[-0.740594089,-0.671952486,0,0.671952486,-0.740594089,0,0,0,0.999999881],"scale":1.24207962,"type":"tree_aspen_large_b"}
{"ctxid":1,"pos":[692.728027,339.792389,53.5389519],"rotationMatrix":[-0.636843681,-0.770992756,0,0.770992756,-0.636843681,0,0,0,0.999999881],"scale":1.42502332,"type":"tree_aspen_large_b"}
{"ctxid":1,"pos":[704.505432,348.553223,55.9952087],"rotationMatrix":[0.427299857,0.904109955,0,-0.904109955,0.427299857,0,0,0,0.999999881],"scale":1.44383287,"type":"tree_aspen_large_b"}
{"ctxid":1,"pos":[686.227234,356.986786,52.390213],"rotationMatrix":[0.517728388,-0.855544925,0,0.855544925,0.517728388,0,0,0,0.999999881],"scale":1.26491642,"type":"tree_aspen_large_b"}
{"ctxid":1,"pos":[704.349731,353.132385,55.9569244],"rotationMatrix":[-0.90302515,-0.429587454,0,0.429587454,-0.90302515,0,0,0,0.999999881],"scale":1.38859046,"type":"tree_aspen_large_b"}
{"ctxid":1,"pos":[708.678589,361.386505,57.257328],"rotationMatrix":[-0.777428806,0.628970861,0,-0.628970861,-0.777428806,0,0,0,0.999999881],"scale":1.33667552,"type":"tree_aspen_large_b"}
{"ctxid":1,"pos":[687.910034,403.975281,55.3377495],"rotationMatrix":[0.949174821,-0.314749122,0,0.314749122,0.949174821,0,0,0,0.999999881],"scale":1.4511838,"type":"tree_aspen_large_b"}
{"ctxid":1,"pos":[681.134888,406.303467,54.4044495],"rotationMatrix":[0.393352807,-0.91938746,0,0.91938746,0.393352807,0,0,0,0.999999881],"scale":1.40350986,"type":"tree_aspen_large_b"}
{"ctxid":1,"pos":[663.840271,353.405548,50.6476936],"rotationMatrix":[-0.98332566,-0.181852981,0,0.181852981,-0.98332566,0,0,0,0.999999881],"scale":1.23911035,"type":"tree_aspen_large_b"}
{"ctxid":1,"pos":[675.400452,346.90506,50.1662827],"rotationMatrix":[0.176070139,-0.984377563,0,0.984377563,0.176070139,0,0,0,0.999999881],"scale":1.39109504,"type":"tree_aspen_large_b"}
{"ctxid":1,"pos":[691.952148,349.496277,54.1243172],"rotationMatrix":[0.967985034,0.251007587,0,-0.251007587,0.967985034,0,0,0,0.999999881],"scale":1.24121952,"type":"tree_aspen_large_b"}
{"ctxid":1,"pos":[685.404785,340.260132,52.8367043],"rotationMatrix":[0.997354567,0.0726886094,0,-0.0726886094,0.997354567,0,0,0,0.999999881],"scale":1.33974886,"type":"tree_aspen_large_b"}
{"ctxid":1,"pos":[694.327942,346.519287,53.5273399],"rotationMatrix":[-0.312541217,-0.949904084,0,0.949904084,-0.312541217,0,0,0,0.999999881],"scale":1.21313608,"type":"tree_aspen_large_b"}
{"ctxid":1,"pos":[720.98584,338.33493,59.4319496],"rotationMatrix":[0.931453586,0.363860041,0,-0.363860041,0.931453586,0,0,0,0.999999881],"scale":1.24521744,"type":"tree_aspen_large_b"}
{"ctxid":1,"pos":[707.042969,334.819397,56.5326042],"rotationMatrix":[0.49470827,-0.869059026,0,0.869059026,0.49470827,0,0,0,0.999999881],"scale":1.42291307,"type":"tree_aspen_large_b"}
{"ctxid":1,"pos":[714.451111,341.171509,57.7357826],"rotationMatrix":[0.58197397,0.813207448,0,-0.813207448,0.58197397,0,0,0,0.999999881],"scale":1.29343367,"type":"tree_aspen_large_b"}
{"ctxid":1,"pos":[698.136841,381.208496,54.667675],"rotationMatrix":[-0.999949098,-0.0100829396,0,0.0100829396,-0.999949098,0,0,0,0.999999881],"scale":1.40228748,"type":"tree_aspen_large_b"}
{"ctxid":1,"pos":[715.888428,375.653503,57.0698395],"rotationMatrix":[-0.0445093066,0.999008894,0,-0.999008894,-0.0445093066,0,0,0,0.999999881],"scale":1.43366551,"type":"tree_aspen_large_b"}
{"ctxid":1,"pos":[705.965881,387.018829,56.6356544],"rotationMatrix":[0.57731396,-0.816522181,0,0.816522181,0.57731396,0,0,0,0.999999881],"scale":1.37910914,"type":"tree_aspen_large_b"}
{"ctxid":1,"pos":[744.712036,360.667969,63.2631683],"rotationMatrix":[-0.39350155,0.919323802,0,-0.919323802,-0.39350155,0,0,0,0.999999881],"scale":1.43544626,"type":"tree_aspen_large_b"}
{"ctxid":1,"pos":[750.855225,344.316742,66.8442993],"rotationMatrix":[-0.166439816,0.9860515,0,-0.9860515,-0.166439816,0,0,0,0.999999881],"scale":1.34608626,"type":"tree_aspen_large_b"}
{"ctxid":1,"pos":[727.542603,351.117523,60.9108315],"rotationMatrix":[-0.781559169,0.623831034,0,-0.623831034,-0.781559169,0,0,0,0.999999881],"scale":1.47799349,"type":"tree_aspen_large_b"}
{"ctxid":1,"pos":[681.007141,311.053345,49.5704308],"rotationMatrix":[-0.994690955,0.102905728,0,-0.102905728,-0.994690955,0,0,0,0.999999881],"scale":1.44437635,"type":"tree_aspen_large_b"}
{"ctxid":1,"pos":[685.131958,311.422211,50.2770767],"rotationMatrix":[-0.99722892,-0.0743932873,0,0.0743932873,-0.99722892,0,0,0,0.999999881],"scale":1.38886523,"type":"tree_aspen_large_b"}
{"ctxid":1,"pos":[682.882935,308.430115,49.9928207],"rotationMatrix":[-0.126279458,-0.991994679,0,0.991994679,-0.126279458,0,0,0,0.999999881],"scale":1.34397125,"type":"tree_aspen_large_b"}
{"ctxid":1,"pos":[688.127075,314.80722,51.3788605],"rotationMatrix":[0.947169483,0.320733249,0,-0.320733249,0.947169483,0,0,0,0.999999881],"scale":1.42909527,"type":"tree_aspen_large_b"}
{"ctxid":1,"pos":[671.565674,298.815674,49.8793678],"rotationMatrix":[-0.533534765,0.845777929,0,-0.845777929,-0.533534765,0,0,0,0.999999881],"scale":1.40204144,"type":"tree_aspen_large_b"}
{"ctxid":1,"pos":[684.991333,293.558594,50.7479515],"rotationMatrix":[0.696528852,-0.717528582,0,0.717528582,0.696528852,0,0,0,0.999999881],"scale":1.31774664,"type":"tree_aspen_large_b"}
{"ctxid":1,"pos":[672.455322,295.785492,49.6498337],"rotationMatrix":[0.554712057,-0.832042277,0,0.832042277,0.554712057,0,0,0,0.999999881],"scale":1.46612597,"type":"tree_aspen_large_b"}
{"ctxid":1,"pos":[659.946045,290.4599,48.0722008],"rotationMatrix":[-0.916401029,-0.400261045,0,0.400261045,-0.916401029,0,0,0,0.999999881],"scale":1.21426165,"type":"tree_aspen_large_b"}
{"ctxid":1,"pos":[656.414673,304.436798,48.5653534],"rotationMatrix":[-0.790870547,-0.611983478,0,0.611983478,-0.790870547,0,0,0,0.999999881],"scale":1.44339025,"type":"tree_aspen_large_b"}
{"ctxid":1,"pos":[652.578918,302.965393,49.0330696],"rotationMatrix":[-0.20368363,-0.979036689,0,0.979036689,-0.20368363,0,0,0,0.999999881],"scale":1.4618758,"type":"tree_aspen_large_b"}
{"ctxid":1,"pos":[672.723389,327.34613,49.7792473],"rotationMatrix":[0.194999829,0.980803251,0,-0.980803251,0.194999829,0,0,0,0.999999881],"scale":1.21443033,"type":"tree_aspen_large_b"}
{"ctxid":1,"pos":[665.422913,314.291168,49.8791275],"rotationMatrix":[0.783034682,0.621978045,0,-0.621978045,0.783034682,0,0,0,0.999999881],"scale":1.31188297,"type":"tree_aspen_large_b"}
{"ctxid":1,"pos":[679.292419,326.613861,50.0079727],"rotationMatrix":[-0.278933316,0.9603104,0,-0.9603104,-0.278933316,0,0,0,0.999999881],"scale":1.35553646,"type":"tree_aspen_large_b"}
{"ctxid":1,"pos":[704.334167,296.522369,54.4789391],"rotationMatrix":[-0.55692625,-0.830561817,0,0.830561817,-0.55692625,0,0,0,0.999999881],"scale":1.2343235,"type":"tree_aspen_large_b"}
{"ctxid":1,"pos":[682.46344,262.24118,50.4073257],"rotationMatrix":[-0.858599961,0.512646079,0,-0.512646079,-0.858599961,0,0,0,0.999999881],"scale":1.31260753,"type":"tree_aspen_large_b"}
{"ctxid":1,"pos":[678.65332,266.226715,50.6045952],"rotationMatrix":[0.115121774,0.993351281,0,-0.993351281,0.115121774,0,0,0,0.999999881],"scale":1.44306707,"type":"tree_aspen_large_b"}
{"ctxid":1,"pos":[641.547668,335.700348,49.9639359],"rotationMatrix":[-0.98049885,0.196524397,0,-0.196524397,-0.98049885,0,0,0,0.999999881],"scale":1.24675715,"type":"tree_aspen_large_b"}
{"ctxid":1,"pos":[635.370483,348.68399,49.8075867],"rotationMatrix":[-0.111846358,0.993725419,0,-0.993725419,-0.111846358,0,0,0,0.999999881],"scale":1.45479465,"type":"tree_aspen_large_b"}
{"ctxid":1,"pos":[-2.23793077,302.631439,82.3374023],"rotationMatrix":[1,0,0,0,1,0,0,0,1],"scale":1,"type":"tree_aspen_large_b"}
{"ctxid":1,"pos":[-2.62118053,304.570312,82.2859344],"rotationMatrix":[1,0,0,0,1,0,0,0,1],"scale":1,"type":"tree_aspen_large_b"}
{"ctxid":1,"pos":[176.530029,-594.48175,39.4798317],"rotationMatrix":[-0.997036636,0.0769274831,0,-0.0769274831,-0.997036636,0,0,0,0.999999881],"scale":1.42079496,"type":"tree_aspen_large_b"}
{"ctxid":1,"pos":[172.456406,-583.606201,40.0489235],"rotationMatrix":[-0.625158966,-0.780497313,0,0.780497313,-0.625158966,0,0,0,0.999999881],"scale":1.47942805,"type":"tree_aspen_large_b"}
