{"name":"logisticsGarageComputer_icon","class":"BeamNGPointOfInterest","__parent":"gameplayAreas","position":[-187.676514,546.937622,31.4577789],"rotationMatrix":[-1,0,0,0,-0.999999821,-1.00413963e-05,0,-1.02202102e-05,0.999999821]}
{"name":"logisticsGarageComputer_area","class":"BeamNGGameplayArea","__parent":"gameplayAreas","position":[-186.144577,546.712891,32.6655807],"rotationMatrix":[-0.700544119,0.713609993,-6.82121026e-13,-0.713609993,-0.700544119,-1.01308087e-05,-7.22944424e-06,-7.09707092e-06,1],"scale":[2.90941739,1.08783126,2.21138048]}
{"name":"smithsAutoRepairComputer_area","class":"BeamNGGameplayArea","__parent":"gameplayAreas","position":[-802.940796,490.587311,24.4131451],"rotationMatrix":[-0.766766071,0.641905189,-0.00535466522,-0.641247153,-0.766310692,-0.0396359712,-0.0295458622,-0.0269578323,0.999199867],"scale":[0.58131814,3.12567043,2.42393708]}
{"name":"smithsAutoRepairComputer_icon","class":"BeamNGPointOfInterest","__parent":"gameplayAreas","position":[-805.029846,491.373627,24.2408237],"rotationMatrix":[-1,0,0,0,-0.999999821,-1.00413963e-05,0,-1.02202102e-05,0.999999821]}
{"name":"farmHouseComputer_area","class":"BeamNGGameplayArea","__parent":"gameplayAreas","position":[-613.739807,-357.944794,36.4345207],"rotationMatrix":[-0.918238878,0.396028578,-1.49011612e-08,7.4505806e-08,-1.1920929e-07,-1.00000036,-0.396028578,-0.918238521,-4.76837158e-07],"scale":[1.7727499,2.28588867,2.98640323]}
{"name":"farmHouseComputer_icon","class":"BeamNGPointOfInterest","__parent":"gameplayAreas","position":[-615.353516,-358.150482,35.5827179],"rotationMatrix":[-0.999999881,0,0,0,8.74227695e-08,-0.999999821,0,-0.999999821,-8.74227624e-08]}
{"name":"LanieRdComputer_area","class":"BeamNGGameplayArea","__parent":"gameplayAreas","position":[-105.433258,-706.422668,31.1314011],"rotationMatrix":[-1,0,0,0,-0.999999821,-1.00413963e-05,0,-1.02202102e-05,0.999999821],"scale":[5.44400644,2.60771489,2.17120075]}
{"name":"LanieRdComputer_icon","class":"BeamNGPointOfInterest","__parent":"gameplayAreas","position":[-101.290909,-705.039429,30.5632915],"rotationMatrix":[-1,0,0,0,-0.999999821,-1.00413963e-05,0,-1.02202102e-05,0.999999821]}
{"name":"watersideShackComputer_area","class":"BeamNGGameplayArea","__parent":"gameplayAreas","position":[-9.19314098,-924.90155,11.9210148],"rotationMatrix":[-0.996948481,0.0780615658,2.84217094e-14,-0.0780615658,-0.996948481,-1.01308042e-05,-7.90826448e-07,-1.00998905e-05,1],"scale":[5.55794048,4.60083199,2.35528708]}
{"name":"watersideShackComputer_icon","class":"BeamNGPointOfInterest","__parent":"gameplayAreas","position":[-14.640172,-927.03064,12.1455355],"rotationMatrix":[0.995450616,-0.0952774212,0,-8.32941716e-09,-8.70250574e-08,-0.999999821,0.0952774137,0.995450556,-8.74227624e-08]}
{"name":"countryGarageGameplay_area","class":"BeamNGGameplayArea","__parent":"gameplayAreas","position":[-84.3082428,87.9843597,42.9471016],"rotationMatrix":[-0.115816116,-0.993189812,-0.0126825888,0.993074417,-0.116037607,0.0184064321,-0.0197527353,-0.0104629947,0.999750137],"scale":[2.06376076,1,1]}
{"name":"countryGarageGameplay_icon","class":"BeamNGPointOfInterest","__parent":"gameplayAreas","position":[-85.1792603,87.1385498,43.3527222],"rotationMatrix":[-0.165942878,-0.986135244,0,-8.6210683e-08,1.45071892e-08,-0.999999821,0.986135185,-0.165942878,-8.74227624e-08]}
